0.81939
0.74946
0.86
0.89247
0.80235
0.77832
0.81
0.8565
0.68
0.84624
0.85
0.57522
0.89474
0.80432
0.86252
0.40169
0.76864
0.84099
0.70986
0.39923
0.77286
0.9
0.92081
0.94
0.90155
0.89
0.81578
0.90822
0.93957
0.50094
0.91874
0.87
0.87022
0.93216
0.97
0.90881
0.812
0.91351
0.50546
0.95
0.8428
0.86289
0.82995
0.28712
0.91
0.85443
0.84046
0.32029
0.89
0.83001
0.87415
0.84516
0.53659
0.80066
0.84615
0.6109
0.84683
0.81034
0.87925
0.81996
0.5799
0.90144
0.83614
0.82631
0.83509
0.32763
0.26582
0.83001
0.83997
0.83
0.79691
0.83741
0.83
0.83764
0.68178
0.85
0.81389
0.86
0.83829
0.81987
0.81
0.21031
0.78599
0.80719
0.18999
0.79236
0.79253
0.84393
0.85102
0.789
0.76535
0.80118
0.44503
0.8043
0.81874
0.7963
0.80451
0.85908
0.76956
0.77235
0.7807
0.83403
0.87261
0.23294
0.79463
0.83405