0.30389
0.235
0.37863
0.32999
0.26314
0.28149
0.29981
0.36032
0.31835
0.35013
0.32551
0.28199
0.38024
0.335
0.78401
0.32746
0.275
0.3371
0.26966
0.3
0.24526
0.39955
0.32335
0.255
0.33997
0.19981
0.31659
0.19771
0.26143
0.3341
0.31619
0.31661
0.20047
0.33167
0.32737
0.34
0.27928
0.25462
0.34085
0.32276
0.33201
0.24316
0.225
0.14285
0.40507
0.35936
0.35108
0.3029
0.345
0.29867
0.29309
0.28943
0.28743
0.34866
0.29943
0.27
0.35659
0.36674
0.4549
0.98009
0.37597
0.34497
0.29584
0.3614
0.24741
0.31482
0.26504
0.31604
0.28838
0.3668
0.25931
0.33477
0.255
0.28
0.32844
0.315
0.2411
0.3
0.37503
0.36267
0.3
0.345
0.26003
0.34
0.21728
0.30007
0.315
0.305
0.3624
0.29531
0.32354
0.3643
0.29478
0.32532