0.20269
0.125
0.11968
0.18502
0.195
0.22775
0.175
0.13886
0.16835
0.1249
0.14495
0.12181
0.37003
0.13741
0.185
0.19965
0.12732
0.236
0.135
0.21002
0.13677
0.12353
0.13172
0.17334
0.13217
0.18972
0.11116
0.14119
0.115
0.20999
0.185
0.12524
0.18924
0.19909
0.34831
0.16476
0.1404
0.15112
0.195
0.195
0.24549
0.14514
0.24861
0.1649
0.10658
0.14663
0.215
0.155
0.10765
0.17655
0.46107
0.24
0.10434
0.12
0.17261
0.10544
0.25012
0.12015
0.31339
0.13555
0.11604
0.13
0.125
0.17706
0.10697
0.16283
0.199
0.15564
0.16013
0.15196
0.97083
0.19102
0.14828
0.255
0.175
0.175
0.15768
0.12714
0.19
0.12004
0.24172
0.1914
0.225
0.16942
0.16046
0.14
0.10091
0.2218