0.47
0.33466
0.475
0.40524
0.44516
0.42458
0.40569
0.4
0.42326
0.36379
0.43618
0.40581
0.41514
0.45493
0.4364
0.34679
0.44629
0.40188
0.4434
0.44133
0.41872
0.42027
0.41736
0.62737
0.39695
0.39518
0.3569
0.47004
0.45178
0.36439
0.4169
0.37095
0.39694
0.38471
0.41396
0.43105
0.43639
0.41287
0.45499
0.39259
0.25702
0.38889
0.37662
0.39322
0.43716
0.46845
0.39048
0.42606
0.39283
0.455
0.405
0.43466
0.37621
0.42497
0.42393
0.435
0.43364
0.44888
0.43271
0.42301
0.45027
0.42126
0.39923
0.435
0.42745
0.42381
0.44074
0.42
0.465
0.47
0.38536
0.41413
0.42617
0.46954
0.40027
0.42
0.5626
0.40486
0.465
0.4273
0.42372
0.4637
0.41014
0.42
0.38561
0.41787
0.375
0.4063
0.42348
0.39803
0.43072
0.39647
0.40756
0.44563
0.34073
0.41104
0.41173
0.40871
0.4352
0.46768
0.39476
0.41668
0.41859
0.40768
0.43693
0.43493
0.44499
0.40598
0.42283
0.378
0.3656
0.39346
0.45
0.4402
0.42727
0.43499
0.39986
0.4466
0.4259
0.40986
0.39525
0.44162
0.4189
0.41264
0.36419
0.39026
0.40874
0.43674
0.44221
0.40796
0.38512
0.4046
0.40197
0.40056
0.44496
0.43476
0.39636
0.44925
0.427
0.75011
0.38507
0.47059
0.45241