0.73221
0.81704
0.66158
0.60632
0.75131
0.75673
0.48489
0.74125
0.65857
0.73001
0.73829
0.4232
0.76848
0.8308
0.67512
0.6112
0.79049
0.69
0.81014
0.91035
0.78405
0.70534
0.72324
0.66298
0.675
0.7951
0.82072
0.80725
0.66827
0.67353
0.66
0.73869
0.69587
0.86207
0.83795
0.65853
0.65993
0.64895
0.66679
0.73111
0.71717
0.71961
0.85795
0.80003
0.70031
0.69883
0.63832
0.69315
0.79957
0.67698
0.66661
0.69732
0.63873
0.59896
0.71483
0.73231
0.68072
0.81437
0.91452
0.70332
0.77993
0.63884
0.7481
0.69852
0.38865
0.7511
0.68187
0.72552
0.68676
0.75501
0.67365
0.72327
0.70386
0.70973
0.73293
0.92543
0.75993
0.90999
0.76764
0.71357
0.68529
0.69758
0.7262
0.6898
0.71778
0.70792
0.49067
0.77511
0.55855
0.73
0.71911
0.6998
0.73524
0.71691
0.76153
0.74
0.65751
0.59224
0.61
0.72687
0.6424
0.68281
0.75765
0.74954
0.71393
0.6865
0.69196
0.96523
0.30627
0.7069
0.70201
0.56593
0.72192
0.66107
0.71566
0.71642
0.74049
0.7621
0.69552
0.68338
0.72918
0.62276
0.68896
0.74988
0.70337
0.72913
0.66075
0.69044
0.71779
0.69
0.65676
0.68401
0.73641
0.81667
0.70418
0.70961
0.72759
0.73312
0.74823
0.65303
0.7651
0.72114
0.72906
0.43109
0.67365
0.73196
0.61608
0.6
0.71367
0.72038
0.70188
0.51921
0.7161
0.624
0.85552
0.7535
0.82152
0.7185
0.6574
0.50141
0.75
0.7
0.75601
0.66008
0.78523
0.71566
0.52398
0.55568
0.78812
0.76999
0.64498
0.71983
0.68414
0.7256
0.6715
0.6051
0.77
0.87249
0.67075
0.68199
0.7152
0.73369
0.71
0.69555
0.71837
0.7243
0.61936
0.72049
0.70939
0.417
0.60355
0.64799
0.69
0.72747
0.72206
0.72224