0.19273
0.21002
0.7244
0.3815
0.24242
0.4441
0.13896
0.6312
0.22484
0.31034
0.15775
0.7056
0.24786
0.18999
0.15222
0.23273
0.27077
0.23001
0.27307
0.39318
0.19787
0.2242
0.1714
0.1827
0.55
0.25112
0.20605
0.23
0.50651
0.18558
0.96552
0.1785
0.20304
0.16705
0.16204
0.1832
0.71002
0.22006
0.25851
0.18734
0.16119
0.23688
0.17371
0.20649
0.46278
0.16789
0.20079
0.18757
0.15487
0.28994
0.14173
0.16181
0.25429
0.16594
0.20231
0.21315
0.20061
0.89153
0.17934
0.1793
0.17
0.12151
0.19138
0.4176
0.34943
0.25149
0.88541
0.17883
0.15907
0.16298
0.13
0.20145
0.21
0.20382
0.20556
0.58873
0.18534
0.12667
0.21225
0.22191
0.16372
0.37894
0.18449
0.14763
0.21627
0.14754
0.19192
0.13743
0.15791
0.20999
0.22253
0.12966
0.14705
0.34748
0.1999
0.20881
0.37
0.78122
0.20879
0.19875
0.16004
0.27
0.23078
0.18536
0.13988
0.19316
0.16084
0.70415
0.25087
0.28986
0.25788
0.29647
0.20915
0.221
0.1354
0.15875
0.23931
0.19045
0.21461
0.14493
0.12921
0.17
0.2
0.26
0.86999
0.14097
0.15575
0.9657
0.15856
0.21182
0.16067
0.16292
0.83922