0.12500351219439018
0.25230912404512523
0.5461863536886992
0.39499999999978663
0.26232233103181674
0.13540963858669958
0.12453395788229091
0.21500139489312334
0.2650000000012459
0.5152910616984562
0.34000000000389535
0.41499999997950615
0.1705765568749673
0.3321381941413474
0.4882262643783142
0.13898066685541116
0.4150051168348504
0.32499999998203777
0.43606405310519897
0.3250000030559245
0.2900000000000011
0.4249999999897847
0.5299999999824669
0.10999999999999949
0.42500267456287644
0.6850000000007362
0.7090903344620957
0.1799994641023711
0.436380905831709
0.7449999999384338
0.5836682124299235
0.7292098361042738
0.2400000000385219
0.46990973663306196
0.40150417705180164
0.38292647028075744
0.7299999999849744
0.1749998670581427
0.22999999999824577
0.20999999999999933
0.21717536994676306
0.2992534343202596
0.15587229202914016
0.3547520667332228
0.4250692913248583
0.10500008575995924
0.32499999992227885
0.24499999916357734
0.12500000000102746
0.3951397597971656
0.6807469642589309
0.1901036622486389
0.3999999999069037
0.16500278047073683
0.2287845943326322
0.18096824682670345
0.4049990446245176
0.7318193581188622
0.2500000000078676
0.16215537003050595
0.2849976589710266
0.6799940806694458
0.114999999937891
0.36265559486888854
0.15000000000036295
0.4493108517848874
0.27499999999988606
0.35465297354620856
0.7851947572956305
0.8299999999857341
0.5249999997893756
0.279999999877365
0.20972490943674232
0.24730304522856433
0.3744320908280492
0.20999999999999916
0.4049999999967745
0.4321050411947147
0.7150000000646423
0.3749999998597023
0.30500000002700356
0.2793208857724089
0.5149992961509491
0.2049688549300659
0.18676886638106288
0.4501566791679546
0.14476386366417165
0.17499999993967794
0.22499999835136952
0.24999999999999897
0.7949999999388669
0.795000000004845
0.445147975037535
0.6086017670042966
0.6649999145950164
0.2950000000336223
0.18506819629594173
0.14088849893357122
0.14000000000619775
0.20587669261031796
0.3449999999920807
0.17402598645438297
0.1773860947111845
0.18999999998967532
0.21499999997578828
0.27795114935861986
0.7749999999968772
0.6100000000037596
0.3606200024948419
0.36499999895878715
0.1299999999948039
0.6358389290223432
0.10558884850800261
0.2349999999388464
0.16500225630351215
0.6492907579072804
0.1449999999978193
0.14493086322069498
0.345000000000192
0.4049995690060371
0.5699999999934455
0.5750000175722869
0.844999999998419
0.3749999999847705
0.48391544355594607
0.6488810741640907
0.2750000000027489
0.7145352749352154
0.3349999999387996
0.32500041611304165
0.30500000000132815
0.24999999995411484
0.10978516186304234
0.7749999999398032
0.7950002733125865
0.20770742570216458
0.6144052627455874
0.1450000000016561
0.40406445956761433
0.1749999999230591
0.36832590923305586
0.3249999999390228
0.8949999999878503
0.37002709781055104
0.16722609716775014
0.3599999999807515
0.49780642748943227
0.7282418966752506
0.6049999999384789
0.6931463035270918
0.6450023400574522
0.454999999939681
0.6949993388881782
0.3519661150666426
0.19506184565431084
0.194999999937941
0.7000000000000001
0.4044412539851712
0.3884082189496717
0.16883580321222952
0.44579553246115255
0.22499999992932548
0.17014528263581985
0.4486781139252003
0.4615129980382896
0.6275524479740983
0.3151403305063174
0.2908687355343905
0.17821728415988944
0.34857477685885635
0.1878751818575961
0.14962510992618433
0.1749999999386031
0.1857537772093879
0.45006416446626335
0.46919391073884853
0.32000000001027773
0.6007456189895721
0.8749999999381708
0.2150000000013649
0.13499999999976492
0.18450541295837591
0.3512457828617455
0.2850000000003128
0.364999999939078
0.16158882167635163
0.86185804129373
0.30987508449655743
0.10877303290993912
0.7986830129584187
0.7100000000034864
0.8600000000000002
0.16983724704372455
0.6149999999395501
0.4550000000018715
0.42000000000258964
0.705000000000136
0.5750000000572707
0.7700000000015149
0.7200000000052421
0.5859634957843977
0.22499999993995262
0.1349325406019764
0.32999999999372565
0.34303689068646614
0.1893432471972976
0.5997430739428378
0.6734111738822504
0.628839281144697
0.131668156509773
0.2765182436229096
0.17999999999996433
0.21499999999836664
0.38030637733461176
0.15000000001249586
0.13224639352064985
0.21608263159320357
0.15500323794551177
0.6449999999390097
0.5150000000171993
0.7948459902808284
0.16500000000068143
0.4852512921081255
0.2491266891473293
0.149999999995126
0.6850000000002576
0.21978490184275748
0.2667080788179738
0.39875045094372213
0.37168527715698557
0.8449999999989444
0.20500001600779583
0.130019408268892
0.6649322854671762
0.715000000000075
0.23717029248792246
0.24555711387566917
0.2029169199407999
0.17499747184013123
0.16199801263928698
0.12097368200457526
0.7199999999999996
0.20500000000250462
0.34500000007140524
0.16500000000335666
0.37000000000745553
0.1199997786078512
0.4658130372215246
0.16094836858295125
0.8049999999307763
0.4104140996543669
0.7844975367990337
0.3380399188482775
0.21968349034633852
0.7477467624489096
0.15624438368247576
0.2652332733607998
0.1462854340195974
0.22499999999870468
0.2637005037180389
0.6799999999951324
0.8099999999905225
0.10999999999641705
0.8300000000067892
0.351950026582625
0.364999999939311
0.2534016907738149
0.1849999999394128
0.3050000000053636
0.38500000000002627
0.4749999999878541
0.7750000000092565
0.390727494310359
0.12499999999952953
0.14499999993797363
0.1149999999978177
0.27707989895260104
0.8549999999386256
0.729999999999999
0.4150030833398196
0.665000000034121
0.2549999999915537
0.40979359655026426
0.441060053777215
0.2997849016579843
0.2591622759697584
0.29499999993851805
0.17559439192359458
0.6850000000200404
0.7549979504959674
0.2700000000419341
0.1915301105908875
0.14773633402358513
0.23195953771419067
0.1800000000584134
0.7541733625440623
0.30918585073029936
0.3473044987636417
0.3099999999865324
0.10499999999816031
0.18533176345795596
0.28999999999999937
0.290601888132324
0.3609846767994118
0.12468160972934869
0.16500000000120515
0.12856703938607764
0.17499999994859783
0.1507462656981375
0.15037296723602997
0.22858839165144162
0.3400483127022603
0.3699999999999998
0.5999999999923462
0.15023413326458063
0.26877306370856724
0.31500000000030554
0.39972631922523727
0.7749999564669218
0.15783567234553644
0.8549999999593997
0.6728367083113992
0.814932436795803
0.7450691527608346
0.7537671185447197
0.23000000001132564
0.6675199209751828
0.2449999999983386
0.1502149924624606
0.4632623166495923
0.34664906566339565
0.12497275610904761
0.24499999998319247
0.14000000000313798
0.2687827804608903
0.265876433695278
0.411999279115577
0.2150008647385732
0.2549985225985432
0.1065133264545011
0.4020565872676283
0.23499999993971624
0.5741249802881896
0.3050000000009942
0.18783559271608313
0.16499999992994993
0.3250020379022378
0.3250000000005042
0.10971697160573926
0.5649999999397689
0.39500173290702517
0.2150015007950864
0.38499999993986905
0.17000000000242171
0.1480045930344425
0.13502639299459632
0.6782278510956521
0.40459431431855636
0.3099999999969613
0.11500000000338739
0.4400000000000001
0.34500000000008346
0.16500281704736125
0.34566048684762524
0.7735820310173183
0.7074034342724068
0.3204956776726483
0.819999999973332
0.2950000056351356
0.5633223757843051
0.23499999999802068
0.7647483612516295
0.3899999999999984
0.8304451627505313
0.8908186500088068
0.32000000000523804
0.34445960164513534
0.19180551060679796
0.6323120255647651
0.20089922876176505
0.41634223407757603
0.39031822999265786
0.3850000000046705
0.1707479394488032
0.7234679553139964
0.13506909826033814
0.650292264115367
0.35999999999999865
0.12499999993964166
0.1899999999905112
0.714999999997937
0.6679676840435629
0.11999999999999995
0.39216459316587393
0.5649999999388322
0.8911167803122567
0.7250000000003363
0.6244142289354061
0.369999999999072
0.12499999999961325
0.46936956119771656
0.8605156717483851
0.12946763475999534
0.15499999925350794
0.2795054431416135
0.14338527821927197
0.8552991776063508
0.11500000436095507
0.6306740869084488
0.11499999993954886
0.19785388090731532
0.11151170123643293
0.7041926855365623
0.6071637401707114
0.43120576494981044
0.3800000000931824
0.34500074123979885
0.8702145834230053
0.290000000004795
0.6949937038420283
0.1450000000002894
0.3249999999691819
0.8114073002638789
0.1150000000079127
0.16861542854366238
0.27500000165111943
0.6779712314922524
0.23272301287418873
0.8104790576035739
0.20000000000000012
0.41499999997322673
0.44075274811233317
0.3449999999173775
0.30549456559754307
0.11999999998258531
0.28148957412676334
0.7776267236182516
0.682498064790898
0.4745054114104818
0.8160198255665133
0.3900000001024335
0.10972444115698644
0.32941007053555976
0.29060233686447073
0.654999999803162
0.4943332123445186
0.7449999999394437
0.7189098246655629
0.3307244396700566
0.17261533238328006
0.17954327578243265
0.1799999999982212
0.2923083192908692
0.24373819210606704
0.8950056112118678
0.3949999999400152
0.7951462763659836
0.7200000000142336
0.7350311508749745
0.11996594409492684
0.6520321549562498
0.38499999999826895
0.1547242539085222
0.6362878557055608
0.18499999999982208
0.6329956732021338
0.1965797099109064
0.8249975842344536
0.20000000000684845
0.8849999999377997
0.34978489384393047
0.7850000000017209
0.7495445845297637
0.13889332808342958
0.4000000000000009
0.7520917405924075
0.6547523826867597
0.6950097529983998
0.5249999999997669
0.19639194691650727
0.4199999999999992
0.8349999999996717
0.149450606352526
0.8799999999925826
0.6849999999163189
0.5982757657069541
0.1824251564847304
0.5383467999860445
0.7650000000000349
0.4450000000475549
0.27739640135738786
0.4199999999974418
0.4049307534842057
0.24499999999234598
0.46999999989857755
0.5449999999389971
0.8044185249182906
0.14783567761605618
0.3099999384156897
0.5266004753504984
0.23795674400396274
0.3341317565358939
0.20500000000072935
0.4649999999961426
0.30500185748456765
0.5076688779822267
0.3142164648164121
0.18826424713974804
0.8386960110460513
0.19000000000003645
0.143053181369074
0.3849999999974858
0.15499999993947358
0.7249756004034211
0.2091396697264981
0.1849999999969456
0.27270046414216614
0.8099999999999996
0.3959295182456043
0.7107215355727116
0.4650016776602603
0.24329917170636742
0.869404127645998
0.20499999999998622
0.3349999999392238
0.8780273953396743
0.16499811615124627
0.19544967197544671
0.20500000000020951
0.1783318653164342
0.6949999999975667
0.24576090967338454
0.5149999999995095
0.16433426467793583
0.3349999999983585
0.32915036882362253
0.3087872527649625
0.364999999991611
0.8497258264061257
0.649999999979873
0.2449308798970298
0.1499999999946375
0.266161605578655
0.21999999999999892
0.12892819015725734
0.7350000000130783
0.23506760386689882
0.3657029147955114
0.3599999999364151
0.7545054219710574
0.594288191258082
0.22499999999978615
0.29499767821525585
0.757899735486411
0.19020820264890334
0.15499999999275027
0.26000000000539575
0.8874859405153449
0.6450000000228121
0.13264561552596477
0.8349688571683619
0.5349999999974667
0.3949999999974333
0.38824471913598135
0.795543584104239
0.8949999999996588
0.3903246574326895
0.4488897890337682
0.40099325471439895
0.12499999999812673
0.16959011991765327
0.5802408046172576
0.35500000000003407
0.4397401050357653
0.3393022817736575
0.17000000000000198
0.695698845436201
0.4256181896562951
0.41786715036338207
0.3264510990868808
0.3250312008804102
0.6110455824443196
0.7618401715993205
0.684999999931477
0.11269618635977846
0.2662913322878232
0.7200000000000003
0.22499999993831876
0.12499999999704257
0.2949999999373545
0.6961249451280547
0.44499999998820733
0.6702737671830186
0.1049999999998537
0.5284645860079488
0.2249999999766931
0.19499999999998122
0.31499999993916933
0.16500367779143746
0.565247869113391
0.32999999999999996
0.4032644963724684
0.3403159690911888
0.4072493576353512
0.2749999999976547
0.6099999999977767
0.6939869119943226
0.3127827303686711
0.42999999993631594
0.10499876335304256
0.2349997306499908
0.6787502249984826
0.6803024656503044
0.6968007212032987
0.7059880740785421
0.7985886112245504
0.19500000000013926
0.3099999999999998
0.5096643128605646
0.8600000000048726
0.7132323785241741
0.5156181488754641
0.8614637650045383
0.23222550239337403
0.19098320435708022
0.22500000002154327
0.5103216204446908
0.4400000000015822
0.19866730902670834
0.2599051460873323
0.37500000000144645
0.1264449292677971
0.11915706450956025
0.6437796886768627
0.8943173587933659
0.15499999999828679
0.8800150421676316
0.4149999999984026
0.16500158549577215
0.20663024476249967
0.4899999999952509
0.2975906599577674
0.239347891836509
0.1695068295341419
0.2500000000040323
0.47393934122239234
0.369999999997241
0.5951041833755621
0.17500000000004762
0.5550000000021102
0.12499999999948552
0.3253069805890964
0.19424870061158295
0.12500000834869218
0.6348670529547271
0.3349999999397757
0.41999999999578014
0.777236689202399
0.20923409789941752
0.5215353819751237
0.7749999999972078
0.4636212272272165
0.5317811115363028
0.5945041394453487
0.1188557262671611
0.3192194596049832
0.43500000000011846
0.4450000109019699
0.36454626686933195
0.3187033172330076
0.3547520584169142
0.2600000000045165
0.12094951402016306
0.7449999999999037
0.6734696596076221
0.6899999999718471
0.16499999999974352
0.8445920284498253
0.3850000000011572
0.17585952133048383
0.23999999999616276
0.1899999998728205
0.36379299862535197
0.10999999999321175
0.31629494001612135
0.23500172464400387
0.11999999999736771
0.1799999999999994
0.3148062663099064
0.16376634151034805
0.33500194389286203
0.38
0.6649999999982441
0.2649323866133458
0.5983900532800367
0.1552132862332954
0.6162440726686823
0.2549999999968121
0.7349954745160422
0.44000000000127687
0.15499999640596063
0.1617156760605885
0.25884456016679885
0.4519380560845021
0.3521643299386123
0.34110370583723754
0.7600000000041741
0.5292110497738128
0.6572790026799871
0.11499923553777232
0.3349999983547039
0.27414964047720186
0.17499999996037988
0.25074659745905803
0.3176232767033239
0.18999999999645428
0.16000000408230797
0.484999999998715
0.7749999999391379
0.15838983510652008
0.7086307001718761
0.4616102510542315
0.4599999999999989
0.16999999999999962
0.13499999916632469
0.7150000000097275
0.5649999999999947
0.1413094291383418
0.2226454480118204
0.2549999999392077
0.12499848642550211
0.17500000093931722
0.11500000000008226
0.14450531591218696
0.5999999999265676
0.46069966711321625
0.5850001975588873
0.13499993765432391
0.17500163799222018
0.15499999999488379
0.24000000000512173
0.1795368398562718
0.47711350221315296
0.2700000000007776
0.2379410432609696
0.3460699401498368
0.20999999998705215
0.21892111394839464
0.6749999999956005
0.30925358493817884
0.11499999999319815
0.3610717905220465
0.3300000000056226
0.2351077848679764
0.20711640735997244
0.5249999999873343
0.22498784736543523
0.28735453251981385
0.5449999999400164
0.3080886560145746
0.7750000000181937
0.4500000000145907
0.6599999999997502
0.34669288566329765
0.6049999042023051
0.2749999999999597
0.11998221578590651
0.1354972591690479
0.11500208108130307
0.6927811307966196
0.7778352313490209
0.15620403515410372
0.11499999997742182
0.24670140692833425
0.8119269859877822
0.8300000000000001
0.4288054793907482
0.5499999999984694
0.4151991986157343
0.3850000000007957
0.644999999999798
0.1855006435688089
0.31493080988775024
0.7049997433768156
0.5920010850573799
0.4160612045748589
0.15549464191972487
0.5691346753314765
0.255000000000081
0.86500000084992
0.35500000004583887
0.48999999998110055
0.12049581823474395
0.2499781968365898
0.1345052729469369
0.19500000000016043
0.7675551316299468
0.20999999999349206
0.4449999999920273
0.15500076954987382
0.12999999999999928
0.3210780263155681
0.14344049798742797
0.7665501839421104
0.2849966260642265
0.3649999998920477
0.7114368744502886
0.2799999999997285
0.7349999999963374
0.2849990841144962
0.28499999993973274
0.3783019856042194
0.3450000937654998
0.145775819497725
0.38932580019134366
0.21499917091989426
0.31513402283683395
0.1550000000039924
0.3657550212385211
0.1949999999997572
0.13350208415747422
0.2784571694160569
0.14999999999999955
0.22000000000000883
0.47499900302111353
0.23836880465435856
0.2749999999747866
0.16367615321264534
0.17021511825000726
0.18894225630497385
0.17500000000038085
0.6632692657627889
0.14000000000000032
0.7795974409453132
0.7043073386269526
0.4409469700280504
0.41499999835366996
0.6749999999999508
0.41499999999984877
0.2050000000533612
0.8949999999999958
0.2750000000030732
0.3979570692087911
0.18499999999987948
0.24999999999999956
0.4449999999392731
0.41999999999999965
0.22499999999818932
0.18999999999999917
0.13100168691020056
0.6599999999999995
0.13994844442031507
0.19263061133079712
0.24975335546602007
0.6900000000027908
0.7550000000096015
0.8541552395400934
0.12499871249426671
0.7199999999532621
0.1151918323716519
0.3629960229028415
0.41643425437317827
0.40899530860566147
0.13566886919764837
0.23506756756289945
0.36136983968469794
0.209999999999899
0.4054199574647286
0.3549999999786254
0.8054375331064122
0.7282636932765351
0.35999999999999904
0.1754195762246213
0.425494392818498
0.8383901032404626
0.14908355268393034
0.49046260354201865
0.3679728192742062
0.8449999999391414
0.3942896971131256
0.13461017991035196
0.22500214191407972
0.5399999999978934
0.3970821382703986
0.11846254495226571
0.5749999999996557
0.13500000000333964
0.1549999999996216
0.31499999993981415
0.34499866646376137
0.5449902318960089
0.7549999999343348
0.1749999999996445
0.6802639397135634
0.8900000003797119
0.7850006242052521
0.7107252901545718
0.1879162076287948
0.29999999999888155
0.2025995489207495
0.4107167722240788
0.7675999158531166
0.4280849563884863
0.20545008550181715
0.8225510087624619
0.5649999999988735
0.4431328169780755
0.17499999999766724
0.4349999999384647
0.2442762666703397
0.3835639249786311
0.429999999998111
0.39165147857848986
0.6349971937522302
0.42499999999826377
0.5849999999992797
0.22250658973285353
0.22431030161918908
0.29999999998071863
0.3941263405364265
0.7049999999398143
0.20561274151251235
0.22500000007521834
0.14371860833608624
0.11904870902275472
0.2549999999376728
0.2699999999995896
0.7749999999985645
0.12499999605127658
0.14809547273661294
0.39073977367302737
0.890000000324521
0.48000000000319115
0.16978496716021602
0.25500000001323114
0.14450268468820435
0.4262438717192498
0.24500000079480946
0.24717244823464363
0.684999999999564
0.48500597419385155
0.8399999999883121
0.17500000000103136
0.2250000252324234
0.7750047129510086
0.15507684025499574
0.35555878366916377
0.7049999999977727
0.21493212170860412
0.760470064833973
0.1578176599912557
0.3308041844909674
0.4950000953278332
0.14499999999598417
0.3049993456379564
0.33999999997055474
0.30696116775740817
0.7959967433551779
0.23499641522840434
0.11444186746852994
0.2449999999982676
0.8853527327323287