0.3249999999960297
0.26000000000000945
0.15147653513107417
0.17641046302581997
0.3824201755976893
0.1687062857026704
0.2549999999864049
0.4208537567620557
0.14669387137170917
0.21499818788754313
0.49500000000009053
0.16499999995112735
0.22499990650225818
0.2049688484034279
0.1950000268689107
0.1591568506235942
0.25055224383751934
0.6349325014564797
0.4850000000434899
0.21499999993863825
0.35500000002049403
0.7349981774867711
0.14962954255235195
0.41999999997296383
0.4699999999876243
0.6599999999594212
0.8581197461113342
0.11499874498239167
0.2349999999812485
0.8225943329511105
0.1749999999996919
0.46493084425613
0.18499999993817082
0.7448881121922932
0.14815292828345114
0.6320956252446465
0.2678177648106055
0.4181658696545093
0.21753134992030518
0.27999999999999925
0.40747613002283467
0.10500000000821982
0.4057814860427443
0.16000000000000064
0.21499999993883914
0.15000000000047636
0.7452532549470696
0.29595692160811743
0.23499999993834977
0.8850000000000005
0.17211544033038478
0.10974502903683189
0.5368824684315439
0.4050004323609929
0.12999999996419467
0.16401103518836907
0.15499999999998237
0.4399999999999995
0.3450004310490329
0.32457624412097663
0.3449999999327137
0.4750000000296391
0.3919658344130414
0.1133656775241897
0.3049999816912722
0.864999999995224
0.1645053690320741
0.17499999999853078
0.19271173583160026
0.8783251320724701
0.801186946208112
0.7349999999374511
0.6749999999519314
0.32000000000828027
0.14324113876905845
0.49089447628285254
0.14978560569623522
0.734999999999669
0.16450536396690937
0.25555872582763894
0.237940744200245
0.36191055263698446
0.885001179268894
0.6149999999971587
0.6400000000182114
0.8780020193334506
0.15999999999999964
0.11350814316117425
0.20415796831662625
0.16448050422465083
0.24738624739196347
0.44999999993434264
0.22999999998098722
0.15410937317253912
0.3300000000074541
0.17499999999620391
0.8650691443460342
0.4249999999388915
0.24000000003231894
0.4699999999999994
0.36872043867011667
0.7783902520473736
0.15493089556058134
0.3262050351537886
0.8501843114165897
0.7518378897947753
0.8798749451884124
0.3815055059650612
0.47499024264938494
0.15737204581430578
0.14500056764732952
0.31776800098836394
0.2016967064512997
0.6825816694008304
0.2599999999992961
0.34499930740566154
0.6499999999974816
0.7055582546648801
0.4150026677799215
0.1393619789833199
0.285000654738215
0.3749999999397859
0.11567333212710514
0.694655958216252
0.7049307067335235
0.49670406286343805
0.8310556065557488
0.19499999999817183
0.26500000000028673
0.785506062712451
0.12773398560136043
0.16525757650869005
0.6499999999999986
0.6449999999915896
0.5249964808615076
0.13499999999706347
0.18777611857581428
0.44999999999857543
0.21000000000000058
0.12169423609586186
0.15500000000079203
0.28949678222750885
0.40499999999893593
0.8910916366304227
0.23026060506459584
0.11514171195819031
0.41499999999644643
0.2398755171332123
0.396911480277547
0.17500000000344912
0.20999999999999858
0.7249999983526314
0.22500003004638164
0.5649481146326087
0.17618925323237603
0.36416263286420447
0.13974545451888837
0.43500001570439717
0.45500352221932994
0.1945053430743577
0.11247066812500357
0.7349999999999987
0.20451304948531057
0.25999999992914047
0.26792924713434896
0.4050000000003437
0.4558870974308041
0.14757043285114715
0.320000000071938
0.4549999999986822
0.6654945156666108
0.5950025621836931
0.2050594449263416
0.7249982293328746
0.7250000000006043
0.1595981152769858
0.2783008755354187
0.5867871325065146
0.3550003044708536
0.8083298522491908
0.3349999999299337
0.2150000000001055
0.18999999998919706
0.20546799051958797
0.36513400911792115
0.1130549556582424
0.3500882345288044
0.6349999999329837
0.2750001049056754
0.8350005232329225
0.13391600118471722
0.12999999999999964
0.3597825568510362
0.11452331443094954
0.405083873697925
0.14486478190921584
0.1800000000163718
0.14499854668192105
0.7737556107506183
0.13499999999971657
0.26499999999732843
0.2545495168701337
0.17515498036650354
0.6849999983554643
0.724999568954588
0.3975814119965657
0.41173249525955063
0.3699999999999979
0.7187625473132914
0.13197521444710958
0.3749963205682849
0.3884960402674146
0.13190638061387025
0.22513483707065304
0.12875301364829192
0.8449999983532082
0.3250000000472066
0.8941911798283466
0.17785894839389443
0.18665589184907633
0.1643303649663189
0.16000000000381112
0.3500000000014299
0.10000000002948244
0.3807473307650813
0.7850004735919887
0.19499999993962588
0.20499999835246985
0.2211177533724628
0.18500000000333217
0.3928324039955519
0.5100000000000005
0.154999999998092
0.2849999999395436
0.1951385142917406
0.33666233674358764
0.5741236082239991
0.7549999999982341
0.12500153594107738
0.3193777351150079
0.47999999999976145
0.7550000001425506
0.7401251398971727
0.13793795759983601
0.5522548336338773
0.8031527824985121
0.21145026724292942
0.6499999999973345
0.19813187642284905
0.19500000000801979
0.7333061710857005
0.1749964830602415
0.6738058895870654
0.13000000000956352
0.29499999999811455
0.14999999999999986
0.4491647634872959
0.3300000000159108
0.40447462657381394
0.13021009950669118
0.6049999999398255
0.38499999995787776
0.8849999999392408
0.13381417316667654
0.86992941698385
0.8212931472529799
0.19008323044702444
0.40499999999452185
0.39506926103176687
0.1949999999392275
0.8099999999983848
0.37000000000111005
0.369254296746879
0.13499999999577084
0.3368978911618832
0.6949999999396402
0.7149999999999977
0.2547503385001529
0.4947130213677951
0.23627084266590398
0.4133249849802886
0.30499999999669125
0.252109414049301
0.22818762745131443
0.5749999999793168
0.7534746897889211
0.5579116056199683
0.3849999999399483
0.16800201268854653
0.1851712715796954
0.21382516927536496
0.46500000001178804
0.13925427370571258
0.8697854439114492
0.504999999977099
0.4861200035959016
0.34649147121291757
0.2600000000489079
0.2649993452586269
0.12978531494614304
0.6534082482551662
0.5581162090746212
0.5404693549516776
0.2974248878505823
0.6360973983173307
0.8399999999958574
0.5950003046053219
0.29438220211353866
0.38625747565186985
0.21499999999816755
0.16864820060631303
0.18141906532174373
0.6454944088042834
0.20499999993871104
0.515257111145678
0.22925602244055932
0.44202361768068493
0.600000000089041
0.48499828687974905
0.3649999883943364
0.6980973300581249
0.5252953152366282
0.29499999993808984
0.3950023255375721
0.20000000000127405
0.774763565252704
0.2692562396772951
0.24888424597223638
0.6550000000037267
0.32999999999999946
0.26374032551930116
0.27499993364378955
0.1450000000033317
0.6950000000000014
0.224999999937673
0.12799761056235975
0.23574930354896453
0.14999999999999994
0.6456270356364153
0.31129264924422345
0.5020488386500057
0.3650030536517201
0.10999935720883391
0.4750002046174765
0.3749999999389103
0.1450000000100538
0.23557740265725768
0.15999999999364273
0.474999999937771
0.405000000000567
0.2224482285220315
0.14999999999410193
0.3850006546257327
0.16913075032122316
0.6899999999955283
0.40500000000960873
0.5350327009877855
0.31493234536236625
0.1783902213886457
0.12499999999963832
0.35257523768823373
0.13499999993923675
0.500110057570368
0.2504724363680337
0.8850002078182028
0.37000000000117217
0.2402737587487134
0.3450000413464463
0.21502723296672765
0.6056686479291097
0.22635157275782739
0.20999999998826846
0.8084206264591832
0.30999999999433964
0.7349999999274283
0.12728750299356503
0.6973868474267413
0.7521351903736003
0.6549999321911005
0.5299999999405917
0.1360651611360672
0.14190566046754322
0.559999999999369
0.4798421707281154
0.8949999999396223
0.44320121632129417
0.6550000000017592
0.42500000000825106
0.27410851703155004
0.22499999993811212
0.6550000000070414
0.44999999999973384
0.6900000000044643
0.22332674344874817
0.23983296759078498
0.35665757542114085
0.8900000000062398
0.7352112752732074
0.6926935122881225
0.6900000000000007
0.5749324838994798
0.43444119655805136
0.7449999999394759
0.14785812896204398
0.19499999993996717
0.23999999999999858
0.7826638960574476
0.8899999999936768
0.6951202621968849
0.6308463747676167
0.4164929492301012
0.550000000042496
0.7751339051753203
0.18779484877754907
0.2644378004309681
0.15499999993881636
0.23499999999926174
0.24183187454988903
0.26216444984861537
0.5449323428062244
0.18330487315206592
0.14363937244155878
0.4049999999374839
0.47000000001480496
0.8793857673857228
0.34499999999978564
0.35021502240808944
0.1851611457349611
0.16651565091878098
0.16999999999999965
0.2050000002561222
0.14500000000181099
0.2085770995749296
0.7949999999375327
0.17499999996477064
0.23500131046873496
0.7450011851445321
0.3399676722523932
0.31499999996491995
0.24500000000000485
0.43130823401746493
0.3149999999398418
0.18532450678845885
0.5450000000000682
0.1449999999627157
0.35979227298469446
0.380000000000334
0.7042802615360675
0.3179551131625812
0.23796221595378886
0.25000000042543563
0.32499999999998697
0.7049999999972176
0.26795268017991003
0.22987515116138568
0.16924158198528988
0.16496885071666614
0.25000000000183914
0.2699999999999989
0.4749999984934721
0.1385265065798698
0.574999999939709
0.1316461764858391
0.3783186089644487
0.36319196890892225
0.3849999999940108
0.32450542462313603
0.15441897851794795
0.8592229346415329
0.5630100124055348
0.29506758733707383
0.1449999999998271
0.2518170104586311
0.45500060022923794
0.24499999999969507
0.1534469539547693
0.22138315791910146
0.6299999999999998
0.7102783760382395
0.1134166750669337
0.1649999999388044
0.10500000000342842
0.32892097123297553
0.14499999999648305
0.4449207390509258
0.16999999999498044
0.632231709012343
0.7450001155903454
0.28499999993946873
0.12506752161374934
0.2200000000882981
0.1300000000128926
0.47107181061978515
0.12549704288787022
0.24658830770921142
0.13317651835019176
0.6839259338188473
0.2916704014697306
0.30528439991033957
0.8912193252958935
0.32288527827178976
0.14654937388889797
0.8745897951668293
0.6085423857572883
0.8349999999992168
0.8717193951163379
0.605708456703996
0.8797139872063142
0.1247527073058539
0.13000000000038148
0.23999999998221513
0.2849999999397275
0.1749999999396731
0.3949982052688071
0.1949978903966716
0.12500000000356276
0.20083442564976683
0.15605907212486061
0.289999999999413
0.11143842943385306
0.5900000000000001
0.2350002616297063
0.8350000000011466
0.36635937446474004
0.20500000000012103
0.7560171364855759
0.14242541008535353
0.1896499549162238
0.43090672649807965
0.18499999999774175
0.14499020925070796
0.13500000000076853
0.23529717713932313
0.6699999999999995
0.18499999999823846
0.22499952191058606
0.20499999999854374
0.4415004659350686
0.1492546717294661
0.8749999736942833
0.28530256803898607
0.45000000000523277
0.29105481947739703
0.17999999999999974
0.1607480076113232
0.7035915631416191
0.13305533580098883
0.7799999999996114
0.11509231138455263
0.5102623508610075
0.1455909728403012
0.19144464806266892
0.13497130080247158
0.6046933579572678
0.12997404810562826
0.19570821315814613
0.7550020861597782
0.5499999999954397
0.23074200936943046
0.11419636385010565
0.4900217104142811
0.10506189132219937
0.24627203446364068
0.40499907483452435
0.32000000000519646
0.2300000000374816
0.3263027310977168
0.2471220857808431
0.7358061709699489
0.7385224346281658
0.7599999999984499
0.5698749984004259
0.27499999411981185
0.16499999999712847
0.588085588598945
0.3874633463883494
0.6774549045879555
0.3338991936272013
0.6150000000191063
0.2511984327147801
0.6650000000376828
0.12999999999999978
0.405961008824117
0.1651331931212897
0.19499999835210505
0.27999999999730646
0.2709098748097696
0.7349999999977305
0.7549999983556104
0.8651337325463484
0.11284066219495796
0.4949999999988694
0.18500000000000227
0.15999999999162842
0.6987964960469383
0.8800000000149634
0.18159110995396946
0.1650000000018658
0.3588708509912612
0.24813120685538287
0.3790962017606252
0.7455620433760922
0.8497853704486583
0.6543367009645086
0.5577637424305347
0.6599999999986433
0.20499799162160498
0.19176977927490807
0.22446301057371812
0.7249981412964117
0.37500001157536406
0.1577578195614771
0.33499999993802726
0.21000000000000205
0.609999999966309
0.18188019302411285
0.41499999992285724
0.28500000000014947
0.5205212012227698
0.11711523609286117
0.142814499824602
0.6819989054402159
0.15151228691093496
0.5049999999394441
0.8547523542990286
0.35499999999778403
0.7200054558944767
0.11999999999999951
0.15656055237028435
0.19251200554457565
0.35536720505505714
0.4550000000007358
0.4450000000013031
0.17074680500086709
0.15006842731823117
0.8299999999999994
0.18449577000386663
0.24499816194810511
0.16499999993976147
0.3700000000000001
0.7250000000004243
0.35862721564822964
0.2650009205414168
0.2899999999979533
0.19466672424964157
0.6917517089097005
0.3514605867395801
0.7249999999729386
0.20000000011227184
0.42000545640203524
0.7299999999870032
0.7273460874024801
0.255067526880567
0.20632114808996949
0.28290178331586097
0.37065368168180746
0.7918174181487654
0.5846330604065022
0.28645122262544265
0.3183781834220356
0.3140229576919684
0.40450485274850273
0.5500000000055839
0.26499999999978363
0.32499984970046714
0.11499731922948553
0.37499793498840234
0.36499999993938415
0.8449999998829362
0.7449999999985668
0.2648640461571865
0.23499977888418225
0.6743309307924952
0.3850020663160635
0.38999999999960905
0.882869564599358
0.2400000000273368
0.8510684310245809
0.22999999999999957
0.4650002458739355
0.3749999999853902
0.7922151287279519
0.4923678150068784
0.8524260861110098
0.12471336450225642
0.1608266909598579
0.22500000000033302
0.6349999999749749
0.2770264629108436
0.48500000845609054
0.30280219470872055
0.465000000059083
0.7549999999969792
0.13499999836101606
0.5849999999968288
0.23987341721829197
0.34999999999630554
0.6850841694402074
0.35654053666846675
0.20000000005047663
0.23822289982094924
0.2421036500409047
0.643703084327621
0.8599999999999995
0.18212316304101764
0.22546465561446521
0.34499999996344344
0.3449999999384843
0.154998043340925
0.8222715258510569
0.47000000000000014
0.24240775486237123
0.4439659243209913
0.11000000000725461
0.7649999999993791
0.205000000000603
0.7692428154724528
0.8511182965884964
0.1950000000037117
0.11978504908237203
0.8949999999394003
0.2649999999581509
0.5299461337946003
0.7950000000001053
0.7154944788191567
0.3807507719537138
0.19741560658774113
0.45379217828831
0.7435225604697535
0.35486476995150945
0.26021468834178735
0.15000000000710614
0.16356107399986325
0.22602538511406542
0.26450546111916573
0.4599999999838412
0.10047998940007008
0.30502722997789483
0.2431474132327651
0.2649999998612827
0.4381877041623288
0.6881077447145333
0.7821571975571283
0.11500000000643071
0.454999999967637
0.41500000002987375
0.19379406612986683
0.4696233473569125
0.3399999999999997
0.14835538981245566
0.6473349087693583
0.33500000005714364
0.26474480703005887
0.47536039606638225
0.13918206377973158
0.2900000000088774
0.19824704225670656
0.38500000000381746
0.7852898268171224
0.22499999993861822
0.3549999941439452
0.23999999999985974
0.7829501483728881
0.21500000002233827
0.20000000002590013
0.4250000000004201
0.5072670407506754
0.37499999999827804
0.1249999999999384
0.38499999999624085
0.2750000000148019
0.10500000002684935
0.23499999993827467
0.2350000000127225
0.17499899179566075
0.1656922558821848
0.25499999999856104
0.20500000000760943
0.37499999993904554
0.6950311510991984
0.4718683055101933
0.7300000000020966
0.29499999999997084
0.3902351006048903
0.14161865542903712
0.14586179325898124
0.8981829743801341
0.2177231865675556
0.25264551831299464
0.14021458413001464
0.27604786763805184
0.5262807363033855
0.7900000000011858
0.3438700358847702
0.11000000000091632
0.635000000010186
0.1610013890433288
0.17113916125878664
0.23999999997405191
0.3000000000000008
0.11489628554172249
0.30552296881403856
0.40353581791664755
0.875000004053217
0.135001135867521
0.12339029657868542
0.33220158675197614
0.2250000000014569
0.17500000000003166
0.8292621996571701
0.1392483073026116
0.3455496500741695
0.14694343029880455
0.6747602390459218
0.11506931464115351
0.14461577044626217
0.36495740705241575
0.33355612173767324
0.8350000000050477
0.14918834057847374
0.19096189079855308
0.3199999999999998
0.3378151021177014
0.16498964138362113
0.3550000001388081
0.1302127441970572
0.2336824918050867
0.40499999993312064
0.18499976016367134
0.19064528566530928
0.6849999999906612
0.6407507402894677
0.1249999999382089
0.3750023500163825
0.3654372999582643
0.654999999939548
0.30499999993981247
0.5399999999999996
0.748312559015851
0.3949999999734848
0.3850000000002223
0.6400000000000007
0.2404083439652158
0.16401748060091148
0.7489772807624411
0.5491805530160648
0.30781260091412754
0.21564966308198036
0.266356346944869
0.7900000000027505
0.47137623116999033
0.6941913824559393
0.354997338726541
0.14450527262735458
0.28999999999645804
0.42499999949966705
0.564505351128704
0.4199624394983689
0.134999999998356
0.7749999999636432
0.14075975592820986
0.7996670832628536
0.279260162986027
0.2194417308362614
0.7349999999390903
0.33499999993904617
0.8999999999999996
0.40999999999523123
0.24999999997191308
0.2400000000019307
0.1550000000048959
0.4339391936660848
0.7250000000051188
0.17708031668317772
0.2349983267407235
0.26624531944033347
0.16326748060073534
0.837651878848758
0.18000000000606367
0.11999999999999947
0.3649999999997367
0.7149975767102488
0.6268259890474333
0.14999999999999966
0.1018437940261538
0.43500000002198325
0.32999999999419216
0.15499999999791012
0.11921784703021657
0.265169101715704
0.23500000941342647
0.34945053465670634
0.35996584064198756
0.23499930607584651
0.1649999999976408
0.18999999999738598
0.40492185212911236
0.4449999999972414
0.3150063561424595
0.3214929565778254
0.2649999999383126
0.3725011403890006
0.16999999999999976
0.17864236034890882
0.10499999999997116
0.7948390365647791
0.6150000000009279
0.28999999999999976
0.37923634413194596
0.19515447210406905
0.29520762192473166
0.3699999999761668
0.42698997551092494
0.48394509122945656
0.6550000000017413
0.17500000001183375
0.23499999993952614
0.5359880803098496
0.8549990466321554
0.4349999983542875
0.1249997599408907
0.26499999993988227
0.6499999999999997
0.4257264655027433
0.6486761471285041
0.2956894020569133
0.4656846306448338
0.16499999836351398
0.1949957533572937
0.13999999999999987