0.335000000004411
0.20499349107306655
0.3012131558839689
0.7449962869909075
0.13497293502409902
0.7149999999994817
0.8349999999257871
0.18886767699690296
0.7982879770140248
0.21999999999999986
0.2305885981711381
0.7192457724933189
0.1278834312160477
0.8219063107429433
0.5899999999999984
0.22499999828692155
0.21207888531299787
0.5967014081037756
0.15073326791058936
0.17936197106394977
0.44000000000000045
0.4175187667236505
0.6827793224743736
0.16417382638123879
0.28500000001465514
0.6764610634634493
0.12000000000009842
0.3374007998002834
0.5038060484790974
0.32085065176779565
0.11013136167594992
0.3549999999391642
0.15152572189077815
0.42499999999876664
0.6243653619053438
0.23829074466722402
0.44234039594973357
0.7268305029010412
0.44500000001022544
0.5410985339645256
0.24500008183900682
0.21191587610316936
0.2493283372271684
0.468605851498869
0.25000000000001427
0.1337656723074198
0.5751352862358687
0.7749999999998697
0.18616944011756761
0.2030963917798043
0.21999999999163247
0.44000000000000056
0.4549999999996697
0.7689763369220124
0.898687444350969
0.20327779182492595
0.14499999999678037
0.43000000000227256
0.4129920188918936
0.4249945689163112
0.40075658853795415
0.19646066217554803
0.3199999999864294
0.3099999999933164
0.7400000000000806
0.1382304139080098
0.6392843863814508
0.1150000000010731
0.1580395374994558
0.13499999993942569
0.1846579106576762
0.8507489239123559
0.8988017158036863
0.2795590830924112
0.7004168700460583
0.24794672424534603
0.8817527301571341
0.13021317360745938
0.8417693973809457
0.4850000000015682
0.7449306675693905
0.4431136653572129
0.19648194443984332
0.20088467705923863
0.3571490295692162
0.17000000000000465
0.7350000000048749
0.8348108865052029
0.6977482321917302
0.1297262801868586
0.742216922002645
0.35499999999898546
0.7326402295533081
0.37493088506227296
0.4629304641211517
0.27465293106423017
0.24999999983283333
0.14948550406724584
0.1132026757220041
0.15413739779857494
0.4100000000054468
0.7101544504922921
0.13499999907078603
0.34217839890683505
0.4199999999999997
0.42924687833062214
0.15112158514857563
0.18978532765063857
0.2249999999310401
0.8099999999999992
0.4682327635301564
0.7478888776997369
0.11897681325277915
0.1889434530986628
0.35800202746530096
0.1309613417311597
0.43449446312642825
0.16812666458735237
0.4350232593223093
0.29999999999999954
0.6249999999397716
0.15751336677550404
0.5350031171456346
0.10720533268604715
0.5027289001713097
0.18978532168633241
0.21095036401886452
0.42808271476313536
0.5925744760457562
0.45469059554001645
0.5797587477379166
0.659245020930493
0.20500000000424443
0.18164827624371205
0.7399981688839845
0.7574698192069638
0.1741248602775363
0.16631427290888484
0.6999999999999995
0.11786725324072314
0.817996859276082
0.23776889526931155
0.1698611231431163
0.2363222481588252
0.4227215228838313
0.6991014610603492
0.2747497693249548
0.7452486812797748
0.22000000000582115
0.42012515357423114
0.13247860569175585
0.8160319831341043
0.17493234042734615
0.4139299816644317
0.4717121498751712
0.1750227402006437
0.16000000000000178
0.37231504154912576
0.43499999993986593
0.33133055763777913
0.6949335611685475
0.766533565626212
0.11728464428410222
0.13721019705236087
0.29999999995941296
0.39278908442060484
0.4199999999999997
0.3541160964902489
0.15924674894473365
0.40556196887975127
0.1768026536604948
0.12684989127075852
0.24205594117680884
0.2661241337837352
0.16247369382860213
0.19177291138638172
0.41500000000939824
0.1549542796942432
0.7599999999999987
0.12453709532381477
0.1413546662102878
0.6269254070072452
0.557152246293485
0.4100000000000004
0.12259712246820541
0.879379661490062
0.1299999990721513
0.39529364430402336
0.13499999994000061
0.5649999983540818
0.42492994552452146
0.2778697429963925
0.42500000000685817
0.30606143546090603
0.6626453260770853
0.1710603027026004
0.2007071854157773
0.7796939233047753
0.53919660880489
0.4400334535186761
0.3194667897603784
0.2149316426817296
0.1650290035945286
0.6910366573289467
0.42052536944693064
0.17523670608008624
0.4192180956865353
0.6017003662934238
0.5809273324099297
0.45499983756883533
0.1702553633906848
0.8817718863147843
0.12499771649430659
0.4394371301360391
0.25104727268678045
0.49462306235168757
0.2585160155484252