0.21604460543198017
0.3205014118730604
0.19948631151070423
0.8550000000438034
0.3150000011506548
0.4735337005797967
0.7099999999999987
0.7576689721100083
0.49928163598330894
0.3899999999999997
0.4549984243799793
0.7558767917158877
0.28978551417349724
0.64783536719851
0.2399999999916581
0.6549999999999502
0.3101412227634844
0.3100000000010956
0.3108534028382892
0.249218440307832
0.1828930744068729
0.25499999981206367
0.42999999998640837
0.3200909047801877
0.24601653767087323
0.3151294529517225
0.1546119114933801
0.8441935654026442
0.4657257142994325
0.18519185103322758
0.27073904891835304
0.18000000004632896
0.26905511455614933
0.7194828840578337
0.1650018264399645
0.6450618905696567
0.17499999999998256
0.7950000000192581
0.7734722444877458
0.7741966593029044
0.22075074169912023
0.30499999998020694
0.2273572715176464
0.24513530839919567
0.6849999999862476
0.16384459155235426
0.1250006709359686
0.6149999999966026
0.28735971219843404
0.22848283808726294
0.24730062217562487
0.30697866785449207
0.16999999999676257
0.12012869417274903
0.5600150930746988
0.22999999999999957
0.4400000000454033
0.19111842889662917
0.4049999999997496
0.17712765011720838
0.14188018678097708
0.2899999999999994
0.24160185754013558
0.11606942359932848
0.1255979922767221
0.22549459783722461
0.16075377080996614
0.41499918554013543
0.17542948625819046
0.6690650196384859
0.859999999982267
0.13804505354143312
0.11262130267450453
0.5900000000003544
0.4849999999914255
0.3848085537824017
0.8819979816590258
0.22978495490647596
0.25348728540701826
0.3149206956265088
0.1954973842549671
0.12500392367320035
0.7537687704036089
0.21485975384008643
0.4131504223060445
0.7763019140709909
0.7049999999394628
0.23389998191353817
0.10514618176015278
0.301480501722355
0.7149999999391009
0.8522759879966658
0.42500000000089644
0.4949999999999448
0.5902148124745847
0.2619995920850485
0.20486025261379556
0.8790863340348265
0.7449999999960206
0.31493235900088534
0.13924916549372543
0.444012600122063
0.18454023304102918
0.27999999996007957
0.7247976232372487
0.23499999993898218
0.7750000000014289
0.19500000000033296
0.22315593569117861
0.34410006929744363
0.2099999999942001
0.2590990421099027
0.1897686683303505
0.12698746197371144
0.17253858712600126
0.1788924569314005
0.16500000001353562
0.26246920301658555
0.1782777302820779
0.5299999999999995
0.45999999999999924
0.19713889697556597
0.5958133163113307
0.17819468897247498
0.42029856860200837
0.1449999999997566
0.7730308754169152
0.15114704929722433
0.5149997305438285
0.6349984263418621
0.3224313698259419
0.11717349989591325
0.834833833614282
0.34820627588788305
0.45987127206199463
0.49447722161942154
0.19170610460074425
0.23112417480860728
0.7539746258758832
0.16002297827898987
0.21978767381731212
0.22500225241788843
0.12500000000018008
0.7350675995941622
0.37000000011560413
0.7712907487696159
0.14749614753108056
0.11622920566302293
0.5070201265607924
0.26397174941159596
0.45336010551540856
0.19126979068775413
0.16207289866858623
0.5649999999087014
0.30381308318268746
0.14999999998702954
0.4656000289017622
0.15999999997728206
0.6150000058544522
0.4387316087334577
0.3202142538863801
0.6149999999909616
0.76924680437418
0.1751027752970635
0.7262442521207604
0.16492717430471832
0.32000000000993734
0.22091720062182071
0.13073939839874063
0.7949999999391805
0.4799999999999994
0.2799999999966139
0.44029232808939467
0.26500000000135865
0.10000000000703337
0.691905483380946
0.46689671431075214
0.6450644909316181
0.7851192138440386
0.6724628350697953
0.7550000000001366
0.4749999999976184
0.28898733935467996
0.7917796285691334
0.7379771814022676
0.1600000000000002
0.7599105887395033
0.24686616095177166
0.12176922940474044
0.18519057428544464
0.2550692500164023
0.46499999999977
0.7043986724595259
0.6219379689300631
0.3250000000358577
0.281794419845448
0.687318946317666
0.42765068898831465
0.7550691178801459
0.698218471736682
0.7522752670232553
0.18820231793730877
0.2899999999999995
0.3250000000015943
0.47499999998195624
0.2344249552360502
0.11624387443434674
0.8917479077557843
0.3220687635646212
0.830751168207822
0.6207391890664702
0.41880513633569866
0.18737221747576757
0.16514616378488237
0.44506929560056246
0.19499849954128012
0.7488596466558257
0.1799999999987292
0.26682405435393153
0.426853680830398
0.47553779969055604
0.7600000000097888
0.7307045135683561
0.5149999999712166
0.6650002436278157
0.4450000000000018
0.25963095664960495
0.15924904408606597
0.54429319221586
0.6411335274009565
0.8849273357510117
0.17582153522107158
0.2152121181394685
0.7268077052270713
0.39499954773119217
0.40498160795878363
0.4978354278030181
0.3150000000172379
0.27500002390834194
0.20060160301699353
0.3649999999388369
0.3128996736767053
0.21912495009947436
0.13333480821685462
0.15500000000592545
0.20526632212427096
0.3800000424559268
0.19312785415188732
0.8000000000000023
0.26499999999991125
0.8250000000001297
0.15489970693959604
0.8150000000237295
0.7049999999884465
0.26467660442170615
0.42897725396719577
0.6450002637302624
0.7402149159335232
0.15993495207225475
0.16925639900995426
0.22343237594979576
0.45000000000000046
0.11918081170779515
0.42199952484215775
0.5186667758400473
0.46675383666118614
0.2892993406546548
0.3791997528806561
0.7619671159879552
0.8405843043685443
0.7438843892900595
0.7599999999969292
0.22003428945791126
0.7502922657963301
0.5900000000029094
0.8628790969835711
0.750000000031376
0.46084544339279165
0.6285044565276112
0.18499519025404587
0.15555633898163518
0.41935504723781825
0.7500000000006292
0.3000000000180394
0.15499999993954575
0.8496852851321649
0.7411014410709873
0.30021448967358566
0.15500000002996794
0.39000000000149426
0.17050773488702087
0.3137705546743997
0.2847521372837039
0.23500227973152787
0.1741554117773739
0.319785589959956
0.41892824107753596
0.18499843557122309
0.17630238719753494
0.17505191649022167
0.2149999999386793
0.20500006927820935
0.45999999999798347
0.5197884612423702
0.21000000000276298
0.11841021945870081
0.18485516185569556
0.15501248281439226
0.7649971733690681
0.4150000000017115
0.4448579366863289
0.8399999999999985