0.40396509938502667
0.27588488429521785
0.2949999999999631
0.20608799478637296
0.31999999997163153
0.20499999993994317
0.40782013404109224
0.8312798855787937
0.5688809057197821
0.17261383966749083
0.884690959703964
0.44500000026642206
0.24492068448960266
0.43263489993136295
0.7767291589148484
0.4092439996466123
0.1999999999999999
0.294999999949172
0.324999999939929
0.29000000000000037
0.30500087811600224
0.18497276516101627
0.6284717716929514
0.8817944286894565
0.555000000351781
0.12619806846048578
0.21499999991605237
0.2043149525784917
0.8076462690508448
0.3349999999896437
0.19978487876106493
0.6186907469812599
0.46711143092213353
0.2850000000000198
0.5761817764482718
0.48051905459900035
0.5635801060933826
0.7570783993561585
0.12070987087455998
0.21074141213751887
0.21389729634335894
0.28493245526814587
0.28500103260701726
0.25493067104519024
0.2249379556429914
0.30652918387589506
0.8592526053179689
0.22500000000001585
0.8649306121462912
0.26999999995774004
0.17210108177973737
0.16499999999969822
0.4480020029793811
0.1222937672354826
0.5386825989968826
0.7349751346917
0.12231058766313208
0.1999999999821356
0.3213918118802479
0.12735512247755956
0.45955240749424275
0.4247632607659849
0.20845106345472972
0.4350000000002845
0.8649999999984316
0.19255522552958726
0.1699999999999104
0.4649999999984668
0.22171782781755406
0.43260384026630944
0.7450000000698792
0.2885165027255023
0.2449999999467035
0.10626800199486973
0.7297491719217114
0.13978610080276888
0.8500000000079725
0.45900728427456683
0.5650000000243433
0.8892509581875719
0.8082198949564735
0.7448459978365963
0.679254958788317
0.3700000000000014
0.11342721982720143
0.4949980294792789
0.4949323783319389
0.7849999999388608
0.6749308146852868
0.23499999999951504
0.5348997669398193
0.7205965353257167
0.46234822305469275
0.3098054406286071
0.20499999995939241
0.14499872882883438
0.18999999999999911
0.16324285660670412
0.29233074278946763
0.25534817104371804
0.8349999999535908
0.49000000000107535
0.8049324542765334
0.7462331267408904
0.17199799063152688
0.45112797465519905
0.8699999998895137
0.683050280386769
0.8681024441472952
0.18000000000585722
0.12419208175411839
0.18330630859291308
0.4120706740959338
0.7699999999999996
0.21499763889747506
0.4779318890889041
0.14503757604602951
0.7221536878381408
0.2000000000000004
0.41273915473360584
0.8749999999998812
0.7200054555884841
0.39000000032852417
0.18500017034974922
0.8944649311890529
0.8592579419309707
0.8757807157380237
0.22455364424072977
0.8350001666353307
0.1250001703294441
0.1349999999999852
0.2299999999999992
0.3209517730893704
0.6649948148256601
0.5654943776321738
0.4340124191010887
0.20500006783442942
0.13233017717656329
0.24999999998549952
0.2500000000058721
0.4250045967415596
0.28414871472404546
0.5700373358577878
0.43499999993922667
0.20709160392167558
0.17499999993898158
0.8849997345371946
0.7455581890155716
0.16925460107052823
0.22499999999861842
0.3450012313195701
0.3388615984211553
0.27735449893768155
0.1500106494955693
0.22500000000000536
0.7750000000000248
0.7550000115640959
0.7990581444849485
0.2342061552996312
0.20168064538637637
0.43999999979603355
0.16767689296317217
0.20499999993805695
0.17699164050682764
0.8423877584441066
0.1981070731791386
0.14499999999668878
0.8841227096553673
0.7245028699888691
0.7344956426666389
0.12680780201993824
0.18500000000149933
0.2118681230341019
0.4050000003500786
0.8050718016945344
0.10847238623389219
0.13527334525931434
0.31500000000022693
0.5599999999999996
0.6921419146810656
0.18000000000000088
0.46999999999999964
0.7999999999942272
0.12604137005144278
0.5750000000689093
0.2543556757951201
0.46999999999999975
0.74543751496458
0.16999999999999912
0.8450022922392763
0.6849999999954967
0.5899999999999993
0.26000000000081525
0.19500204687045605
0.16179513051675182
0.31245140857911713
0.40499852248490775
0.45999999999999847
0.8595953183236342
0.7648584131665265
0.8883907932285824
0.3499999999999991
0.19031401375036527
0.12499844991161195
0.41000000001642023
0.41496884886571245
0.33089859932818894
0.2999999999999992
0.19592325479155548
0.2524464664994093
0.4699663558978389
0.20783522187606399
0.7749999999381728
0.4099999999999987
0.15420597493907806
0.31634895620833187
0.17499758272032787
0.3188950955879671
0.32499999993965367
0.6580800086948383
0.46689118582165745
0.3050000000103086
0.15710709035348203
0.5961198212866983
0.805000000004319
0.5686432369019943
0.4899999999393178
0.2631322863068214
0.7907457615146721
0.8600895950301486
0.6899999999999994
0.6565073601223169
0.6944508241738764
0.5248050407942353
0.4045054365088513
0.7849984848920477
0.15301594117421533
0.4950002046819821
0.19003756871280608
0.1400000000099826
0.18502057871845845
0.12500000028218083
0.16999999998068532
0.1749999999999881
0.7850690759607035
0.5791379340654007
0.8699999999967434
0.4299999999964806
0.7806243508259572
0.7068008117220875
0.1649999999383965
0.6993240529501805
0.1841962694217554
0.85500000002483
0.19499934759646553
0.4749999999393039
0.31500000002316053
0.45857825134770025
0.507996832472902
0.5196246871215892
0.8349999999619728
0.16422311859585131
0.21649667631272349
0.7549999999397702
0.1766238909745578
0.16493087775138274
0.1449999983511855
0.7656750163407645
0.5549941766116716
0.26559560996739834
0.4570369413263854
0.8529621193475705
0.18500000000126463
0.3048637672193625
0.4050000000000126
0.16122625507669516
0.1557853602411451
0.12010620188350726
0.4118497435938403
0.2963139162287525
0.18629557934111432
0.5949999999912233
0.4749999999399983
0.18723870926147038
0.5127351712844569
0.22358188366781856
0.6918103921643866
0.21499745245269192
0.38317908315087496
0.8674474008777356
0.31499999999769396
0.7299999999938903
0.3902612215360961
0.7392423412343264
0.7072563030247603
0.16000000001088385
0.15422594155942956
0.10500218079071633
0.1756547595487926
0.41500000001570464
0.14972157699429436
0.31258272505618234
0.3225746486724865
0.27500000001925856
0.5049999999384905
0.3199937303766466
0.1950696322121255
0.6750270601255367
0.41783525858570125
0.21999999999449382
0.17997676368156623
0.33002164774208614
0.6050270706426237
0.49855970424748663
0.24178259797019558
0.1849998707979539
0.3250000000002336
0.16397627411350515
0.2949991409924753
0.24688367778195525
0.465069178752214
0.2850012134609255
0.1807119107633266
0.21544890836580624
0.41558527299687203
0.3295524080815717
0.3155169528430299
0.17499999999978147
0.5001392245546564
0.8902722905230173
0.48499918622399313
0.8533777557314299
0.5692506344506638
0.703680754942014
0.7719980102927019
0.22499999999775985
0.1653419583038949
0.24786197581333802
0.7149999999807154
0.6955626765241494
0.7799999999958873
0.3650000002857719
0.7003808312821667
0.7320024739060746
0.22000000000000003
0.3449324018985412
0.7200000000000002
0.1750002653195846
0.6791996994127012
0.2042355725563549
0.19499847682544363
0.6899999999999995
0.8925886006316057
0.7442192626294226
0.3803187271885907
0.810188283343824