0.26455
0.32291
0.76404
0.14625
0.18999
0.7103
0.3602
0.25117
0.25946
0.30416
0.23
0.15667
0.54732
0.32253
0.29162
0.21886
0.21179
0.56203
0.38
0.33014
0.38989
0.70727
0.46545
0.29612
0.23757
0.36582
0.40969
0.3191
0.31112
0.31
0.31
0.23671
0.30046
0.21
0.26816
0.27518
0.28709
0.28243
0.78264
0.28322
0.34697
0.37329
0.28921
0.26643
0.25825
0.28938
0.28495
0.22808
0.29891
0.2803
0.27436
0.30549
0.25355
0.2936
0.29783
0.25292
0.24803
0.3282
0.24839
0.82359
0.22794
0.28812
0.34132
0.26065
0.31986
0.30496
0.26477
0.27256
0.34531
0.24589
0.29424
0.35494
0.25123
0.29471
0.29207
0.28313
0.25163
0.27012
0.26279
0.3367
0.24613
0.31572
0.24747
0.28216
0.31199
0.27029
0.25355
0.3119
0.26945
0.28066
0.32
0.28818
0.33766
0.2533
0.31271
0.30235
0.25875
0.29398
0.23597
0.29153
0.21065
0.28251
0.30376
0.12
0.31128
0.22722
0.27931
0.35274
0.2564
0.3
0.28461
0.27181
0.22812
0.27983
0.2649
0.27292
0.32213
0.25801
0.2711
0.26817
0.2633
0.28377
0.25702
0.31237
0.31603
0.48667
0.24983
0.29403
0.26946
0.2954
0.25614
0.7625
0.29887
0.26817
0.23
0.28186
0.30183
0.23895
0.22716
0.3196
0.27474
0.27285
0.25125
0.269
0.34658
0.33753
0.26308
0.25043
0.26751
0.3312
0.26449
0.25001
0.31374
0.78751
0.26268
0.75792
0.28453
0.27105
0.25218
0.32995
0.26252
0.26229
0.80529
0.27966
0.324
0.30021
0.28146
0.31153
0.93
0.28
0.32042
0.27
0.30608
0.31405
0.32636
0.23
0.33
0.35971