0.43717
0.1312
0.1685
0.27
0.15443
0.12332
0.68567
0.11264
0.2212
0.21
0.21496
0.25
0.2936
0.22184
0.26708
0.12094
0.13159
0.17102
0.1908
0.18286
0.21305
0.14854
0.21295
0.14271
0.35597
0.13487
0.17413
0.10029
0.14357
0.14418
0.12206
0.14721
0.14955
0.16953
0.86495
0.2734
0.23781
0.17878
0.17734
0.16346
0.22003
0.13724
0.16
0.10967
0.16788
0.20813
0.16376
0.17916
0.16031
0.24974
0.10324
0.16875
0.148
0.1429
0.14343
0.10249
0.14486
0.18082
0.10039
0.12433
0.18573
0.17087
0.11329
0.11878
0.1874
0.16243
0.13837
0.14182
0.11928
0.18144
0.15477
0.1418
0.15