6.850000000007362422e-01
7.090903344620956839e-01
7.449999999384337990e-01
5.836682124299235053e-01
7.292098361042738119e-01
7.299999999849744459e-01
6.807469642589308867e-01
7.318193581188622288e-01
6.799940806694457773e-01
7.851947572956304855e-01
8.299999999857341493e-01
7.150000000646422604e-01
7.949999999388669414e-01
7.950000000048450532e-01
6.086017670042965788e-01
6.649999145950163948e-01
7.749999999968771869e-01
6.100000000037596459e-01
6.358389290223431800e-01
6.492907579072804136e-01
5.699999999934455275e-01
5.750000175722869145e-01
8.449999999984190158e-01
6.488810741640906876e-01
7.145352749352154031e-01
7.749999999398031747e-01
7.950002733125864918e-01
6.144052627455873772e-01
8.949999999878502921e-01
7.282418966752506329e-01
6.049999999384788607e-01
6.931463035270918338e-01
6.450023400574521615e-01
6.949993388881782197e-01
7.000000000000000666e-01
6.275524479740982597e-01
6.007456189895721277e-01
8.749999999381707916e-01
8.618580412937300039e-01
7.986830129584187032e-01
7.100000000034863978e-01
8.600000000000002087e-01
6.149999999395501238e-01
7.050000000001359624e-01
5.750000000572706993e-01
7.700000000015149171e-01
7.200000000052421134e-01
5.859634957843976588e-01
5.997430739428377677e-01
6.734111738822503579e-01
6.288392811446970043e-01
6.449999999390096939e-01
7.948459902808283628e-01
6.850000000002576250e-01
8.449999999989443733e-01
6.649322854671761984e-01
7.150000000000750200e-01
7.199999999999996403e-01
8.049999999307763110e-01
7.844975367990336679e-01
7.477467624489095854e-01
6.799999999951323870e-01
8.099999999905225234e-01
8.300000000067891959e-01
7.750000000092565067e-01
8.549999999386256322e-01
7.299999999999989830e-01
6.650000000341209638e-01
6.850000000200403560e-01
7.549979504959674070e-01
7.541733625440623090e-01
5.999999999923462113e-01
7.749999564669217689e-01
8.549999999593996813e-01
6.728367083113991898e-01
8.149324367958029613e-01
7.450691527608346298e-01
7.537671185447196720e-01
6.675199209751827567e-01
5.741249802881895903e-01
5.649999999397689043e-01
6.782278510956520901e-01
7.735820310173182612e-01
7.074034342724068170e-01
8.199999999733319500e-01
5.633223757843051072e-01
7.647483612516294826e-01
8.304451627505312628e-01
8.908186500088067783e-01
6.323120255647650678e-01
7.234679553139964359e-01
6.502922641153670025e-01
7.149999999979369525e-01
6.679676840435628815e-01
5.649999999388322092e-01
8.911167803122567177e-01
7.250000000003362643e-01
6.244142289354061015e-01
8.605156717483850581e-01
8.552991776063507690e-01
6.306740869084488388e-01
7.041926855365623350e-01
6.071637401707113968e-01
8.702145834230052834e-01
6.949937038420282986e-01
8.114073002638788612e-01
6.779712314922523575e-01
8.104790576035738603e-01
7.776267236182515807e-01
6.824980647908980291e-01
8.160198255665133127e-01
6.549999998031620363e-01
7.449999999394436578e-01
7.189098246655628577e-01
8.950056112118678353e-01
7.951462763659835620e-01
7.200000000142335876e-01
7.350311508749745038e-01
6.520321549562497765e-01
6.362878557055607898e-01
6.329956732021337906e-01
8.249975842344535737e-01
8.849999999377996529e-01
7.850000000017208768e-01
7.495445845297636911e-01
7.520917405924074650e-01
6.547523826867597263e-01
6.950097529983998434e-01
8.349999999996716715e-01
8.799999999925826044e-01
6.849999999163188802e-01
5.982757657069540658e-01
7.650000000000348743e-01
8.044185249182905784e-01
8.386960110460512929e-01
7.249756004034211276e-01
8.099999999999996092e-01
7.107215355727115602e-01
8.694041276459979484e-01
8.780273953396743325e-01
6.949999999975666753e-01
8.497258264061257060e-01
6.499999999798730110e-01
7.350000000130783029e-01
7.545054219710574106e-01
5.942881912580819659e-01
7.578997354864109859e-01
8.874859405153449066e-01
6.450000000228121033e-01
8.349688571683618887e-01
7.955435841042389766e-01
8.949999999996588462e-01
5.802408046172575773e-01
6.956988454362009744e-01
6.110455824443196127e-01
7.618401715993204926e-01
6.849999999314769772e-01
7.200000000000003064e-01
6.961249451280546729e-01
6.702737671830185651e-01
5.652478691133909772e-01
6.099999999977766540e-01
6.939869119943226083e-01
6.787502249984825875e-01
6.803024656503043888e-01
6.968007212032987230e-01
7.059880740785421382e-01
7.985886112245503821e-01
8.600000000048726445e-01
7.132323785241740932e-01
8.614637650045382511e-01
6.437796886768627491e-01
8.943173587933659352e-01
8.800150421676316004e-01
5.951041833755621457e-01
6.348670529547271180e-01
7.772366892023989671e-01
7.749999999972078113e-01
5.945041394453487449e-01
7.449999999999037392e-01
6.734696596076220620e-01
6.899999999718471333e-01
8.445920284498252828e-01
6.649999999982441068e-01
5.983900532800366934e-01
6.162440726686823078e-01
7.349954745160421909e-01
7.600000000041741144e-01
6.572790026799870677e-01
7.749999999391379291e-01
7.086307001718761267e-01
7.150000000097275210e-01
5.649999999999947287e-01
5.999999999265676065e-01
5.850001975588873249e-01
6.749999999956004526e-01
7.750000000181936910e-01
6.599999999997502309e-01
6.049999042023050944e-01
6.927811307966196264e-01
7.778352313490208836e-01
8.119269859877822348e-01
8.300000000000000711e-01
6.449999999997979572e-01
7.049997433768155908e-01
5.920010850573799166e-01
5.691346753314765472e-01
8.650000008499200144e-01
7.675551316299468185e-01
7.665501839421103858e-01
7.114368744502885811e-01
7.349999999963373609e-01
6.632692657627888844e-01
7.795974409453132470e-01
7.043073386269526059e-01
6.749999999999507505e-01
8.949999999999957989e-01
6.599999999999994760e-01
6.900000000027908253e-01
7.550000000096015462e-01
8.541552395400934250e-01
7.199999999532621375e-01
8.054375331064121957e-01
7.282636932765350624e-01
8.383901032404625919e-01
8.449999999391414329e-01
5.749999999996556754e-01
7.549999999343347534e-01
6.802639397135633592e-01
8.900000003797119419e-01
7.850006242052520733e-01
7.107252901545717538e-01
7.675999158531165989e-01
8.225510087624618993e-01
5.649999999988735144e-01
6.349971937522301824e-01
5.849999999992796518e-01
7.049999999398143258e-01
7.749999999985645038e-01
8.900000003245209790e-01
6.849999999995639577e-01
8.399999999883120960e-01
7.750047129510085897e-01
7.049999999977727416e-01
7.604700648339729474e-01
7.959967433551778937e-01
8.853527327323287288e-01
