2.523091240451252326e-01
2.623223310318167356e-01
2.150013948931233376e-01
2.650000000012459056e-01
3.400000000038953529e-01
3.321381941413473760e-01
3.249999999820377683e-01
3.250000030559245245e-01
2.900000000000010902e-01
2.400000000385218990e-01
2.299999999982457743e-01
2.099999999999993261e-01
2.171753699467630638e-01
2.992534343202595815e-01
3.249999999222788483e-01
2.449999991635773422e-01
2.287845943326322073e-01
2.500000000078675955e-01
2.849976589710265795e-01
2.749999999998860578e-01
2.799999998773650134e-01
2.097249094367423239e-01
2.473030452285643332e-01
2.099999999999991596e-01
3.050000000270035594e-01
2.793208857724088778e-01
2.049688549300658913e-01
2.249999983513695234e-01
2.499999999999989730e-01
2.950000000336223116e-01
2.058766926103179629e-01
3.449999999920806970e-01
2.149999999757882807e-01
2.779511493586198645e-01
2.349999999388464045e-01
3.450000000001919864e-01
2.750000000027488789e-01
3.349999999387995864e-01
3.250004161130416458e-01
3.050000000013281531e-01
2.499999999541148432e-01
2.077074257021645776e-01
3.249999999390227878e-01
3.519661150666426042e-01
2.249999999293254838e-01
3.151403305063174010e-01
2.908687355343905212e-01
3.485747768588563500e-01
3.200000000102777298e-01
2.150000000013649049e-01
3.512457828617455147e-01
2.850000000003127809e-01
3.098750844965574291e-01
2.249999999399526218e-01
3.299999999937256456e-01
3.430368906864661449e-01
2.765182436229096097e-01
2.149999999983666366e-01
2.160826315932035668e-01
2.491266891473292999e-01
2.197849018427574797e-01
2.667080788179738149e-01
2.050000160077958267e-01
2.371702924879224572e-01
2.455571138756691696e-01
2.029169199407999113e-01
2.050000000025046232e-01
3.450000000714052439e-01
3.380399188482774986e-01
2.196834903463385225e-01
2.652332733607998261e-01
2.249999999987046806e-01
2.637005037180388811e-01
3.519500265826249752e-01
2.534016907738149138e-01
3.050000000053635918e-01
2.770798989526010447e-01
2.549999999915537052e-01
2.997849016579843262e-01
2.591622759697583822e-01
2.949999999385180538e-01
2.700000000419340851e-01
2.319595377141906722e-01
3.091858507302993608e-01
3.473044987636417225e-01
3.099999999865323819e-01
2.899999999999993694e-01
2.906018881323240155e-01
2.285883916514416248e-01
3.400483127022603247e-01
2.687730637085672392e-01
3.150000000003055356e-01
2.300000000113256449e-01
2.449999999983386023e-01
3.466490656633956502e-01
2.449999999831924680e-01
2.687827804608903248e-01
2.658764336952780249e-01
2.150008647385731886e-01
2.549985225985432202e-01
2.349999999397162365e-01
3.050000000009941981e-01
3.250020379022378059e-01
3.250000000005042189e-01
2.150015007950863977e-01
3.099999999969613174e-01
3.450000000000834621e-01
3.456604868476252368e-01
3.204956776726483048e-01
2.950000056351356204e-01
2.349999999980206811e-01
3.200000000052380389e-01
3.444596016451353382e-01
2.795054431416135188e-01
3.450007412397988471e-01
2.900000000047949777e-01
3.249999999691818853e-01
2.750000016511194301e-01
2.327230128741887283e-01
3.449999999173775089e-01
3.054945655975430663e-01
2.814895741267633422e-01
3.294100705355597625e-01
2.906023368644707339e-01
3.307244396700566025e-01
2.923083192908692007e-01
2.437381921060670364e-01
3.497848938439304667e-01
2.773964013573878562e-01
2.449999999923459792e-01
3.099999384156896798e-01
2.379567440039627446e-01
3.341317565358938868e-01
2.050000000007293488e-01
3.050018574845676511e-01
3.142164648164120777e-01
2.091396697264981119e-01
2.727004641421661435e-01
2.432991717063674175e-01
2.049999999999862210e-01
3.349999999392238026e-01
2.050000000002095146e-01
2.457609096733845422e-01
3.349999999983584997e-01
3.291503688236225300e-01
3.087872527649624943e-01
2.449308798970298018e-01
2.661616055786549806e-01
2.199999999999989186e-01
2.350676038668988166e-01
2.249999999997861488e-01
2.949976782152558541e-01
2.600000000053957483e-01
3.393022817736575103e-01
3.264510990868808027e-01
3.250312008804102093e-01
2.662913322878232014e-01
2.249999999383187621e-01
2.949999999373544846e-01
2.249999999766930936e-01
3.149999999391693284e-01
3.299999999999999600e-01
3.403159690911887747e-01
2.749999999976546761e-01
3.127827303686711025e-01
2.349997306499908012e-01
3.099999999999997757e-01
2.322255023933740281e-01
2.250000000215432727e-01
2.599051460873322839e-01
2.066302447624996652e-01
2.975906599577674005e-01
2.393478918365090080e-01
2.500000000040322745e-01
3.253069805890964061e-01
3.349999999397756945e-01
2.092340978994175205e-01
3.192194596049832134e-01
3.187033172330075992e-01
2.600000000045165072e-01
2.399999999961627550e-01
3.162949400161213509e-01
2.350017246440038732e-01
3.148062663099063796e-01
3.350019438928620308e-01
2.649323866133457828e-01
2.549999999968121100e-01
2.588445601667988538e-01
3.521643299386122972e-01
3.411037058372375363e-01
3.349999983547038984e-01
2.741496404772018614e-01
2.507465974590580293e-01
3.176232767033239091e-01
2.226454480118204016e-01
2.549999999392076888e-01
2.400000000051217275e-01
2.700000000007776180e-01
2.379410432609695980e-01
3.460699401498367744e-01
2.099999999870521550e-01
2.189211139483946411e-01
3.092535849381788382e-01
3.300000000056225735e-01
2.351077848679763993e-01
2.071164073599724431e-01
2.249878473654352284e-01
2.873545325198138545e-01
3.080886560145745801e-01
3.466928856632976452e-01
2.749999999999597211e-01
2.467014069283342548e-01
3.149308098877502404e-01
2.550000000000809952e-01
2.499781968365898110e-01
2.099999999934920591e-01
3.210780263155680880e-01
2.849966260642264881e-01
2.799999999997285216e-01
2.849990841144962039e-01
2.849999999397327399e-01
3.450000937654997824e-01
2.149991709198942613e-01
3.151340228368339491e-01
2.784571694160569155e-01
2.200000000000088274e-01
2.383688046543585570e-01
2.749999999747865798e-01
2.050000000533611921e-01
2.750000000030731750e-01
2.499999999999995559e-01
2.249999999981893151e-01
2.497533554660200661e-01
2.350675675628994543e-01
2.099999999998989897e-01
2.250021419140797174e-01
3.149999999398141459e-01
3.449986664637613720e-01
2.999999999988815502e-01
2.025995489207494948e-01
2.054500855018171479e-01
2.442762666703396923e-01
2.225065897328535325e-01
2.243103016191890786e-01
2.999999999807186346e-01
2.056127415125123536e-01
2.250000000752183371e-01
2.549999999376728055e-01
2.699999999995896238e-01
2.550000000132311428e-01
2.450000007948094638e-01
2.471724482346436269e-01
2.250000252324234062e-01
2.149321217086041236e-01
3.308041844909673790e-01
3.049993456379563872e-01
3.399999999705547449e-01
3.069611677574081710e-01
2.349964152284043373e-01
2.449999999982676036e-01
