5.461863536886991666e-01
3.949999999997866329e-01
5.152910616984561765e-01
4.149999999795061512e-01
4.882262643783141787e-01
4.150051168348504183e-01
4.360640531051989677e-01
4.249999999897847158e-01
5.299999999824669406e-01
4.250026745628764369e-01
4.363809058317090206e-01
4.699097366330619585e-01
4.015041770518016362e-01
3.829264702807574361e-01
3.547520667332227928e-01
4.250692913248583227e-01
3.951397597971655906e-01
3.999999999069037138e-01
4.049990446245175790e-01
3.626555948688885422e-01
4.493108517848873884e-01
3.546529735462085609e-01
5.249999997893756154e-01
3.744320908280491800e-01
4.049999999967744957e-01
4.321050411947147118e-01
3.749999998597022821e-01
5.149992961509490819e-01
4.501566791679545987e-01
4.451479750375350042e-01
3.606200024948418847e-01
3.649999989587871529e-01
4.049995690060371190e-01
3.749999999847705157e-01
4.839154435559460676e-01
4.040644595676143314e-01
3.683259092330558593e-01
3.700270978105510422e-01
3.599999999807514950e-01
4.978064274894322683e-01
4.549999999396809880e-01
4.044412539851712229e-01
3.884082189496717019e-01
4.457955324611525549e-01
4.486781139252002948e-01
4.615129980382896013e-01
4.500641644662633500e-01
4.691939107388485297e-01
3.649999999390780014e-01
4.550000000018715185e-01
4.200000000025896352e-01
3.803063773346117560e-01
5.150000000171992554e-01
4.852512921081255093e-01
3.987504509437221345e-01
3.716852771569855718e-01
3.700000000074555317e-01
4.658130372215246173e-01
4.104140996543669262e-01
3.649999999393109817e-01
3.850000000000262657e-01
4.749999999878540824e-01
3.907274943103590248e-01
4.150030833398196117e-01
4.097935965502642608e-01
4.410600537772150220e-01
3.609846767994118188e-01
3.699999999999997735e-01
3.997263192252372699e-01
4.632623166495922762e-01
4.119992791155769885e-01
4.020565872676282737e-01
3.950017329070251715e-01
3.849999999398690531e-01
4.045943143185563584e-01
4.400000000000001132e-01
3.899999999999984035e-01
4.163422340775760344e-01
3.903182299926578613e-01
3.850000000046704951e-01
3.599999999999986544e-01
3.921645931658739315e-01
3.699999999990720156e-01
4.693695611977165560e-01
4.312057649498104439e-01
3.800000000931824107e-01
4.149999999732267297e-01
4.407527481123331703e-01
4.745054114104818033e-01
3.900000001024335194e-01
4.943332123445186022e-01
3.949999999400152229e-01
3.849999999982689491e-01
4.000000000000009104e-01
5.249999999997668754e-01
4.199999999999992073e-01
5.383467999860445108e-01
4.450000000475549111e-01
4.199999999974418086e-01
4.049307534842057077e-01
4.699999998985775473e-01
5.449999999389970595e-01
5.266004753504983649e-01
4.649999999961426100e-01
5.076688779822267072e-01
3.849999999974857978e-01
3.959295182456042950e-01
4.650016776602602930e-01
5.149999999995095168e-01
3.649999999916109794e-01
3.657029147955114246e-01
3.599999999364151271e-01
5.349999999974667242e-01
3.949999999974332932e-01
3.882447191359813532e-01
3.903246574326895146e-01
4.488897890337681940e-01
4.009932547143989501e-01
3.550000000000340661e-01
4.397401050357653274e-01
4.256181896562951095e-01
4.178671503633820672e-01
4.449999999882073287e-01
5.284645860079487667e-01
4.032644963724684173e-01
4.072493576353511946e-01
4.299999999363159353e-01
5.096643128605645723e-01
5.156181488754640885e-01
5.103216204446907600e-01
4.400000000015821811e-01
3.750000000014464541e-01
4.149999999984025911e-01
4.899999999952509011e-01
4.739393412223923407e-01
3.699999999972409803e-01
5.550000000021102498e-01
4.199999999957801378e-01
5.215353819751237241e-01
4.636212272272164925e-01
5.317811115363028085e-01
4.350000000001184586e-01
4.450000109019698891e-01
3.645462668693319475e-01
3.547520584169142066e-01
3.850000000011571943e-01
3.637929986253519710e-01
3.800000000000000044e-01
4.400000000012768697e-01
4.519380560845021044e-01
5.292110497738128361e-01
4.849999999987150145e-01
4.616102510542314796e-01
4.599999999999989098e-01
4.606996671132162491e-01
4.771135022131529624e-01
3.610717905220465207e-01
5.249999999873342649e-01
5.449999999400163553e-01
4.500000000145906731e-01
4.288054793907482010e-01
5.499999999984693799e-01
4.151991986157342884e-01
3.850000000007957057e-01
4.160612045748589005e-01
3.550000000458388705e-01
4.899999999811005535e-01
4.449999999920272731e-01
3.649999998920476774e-01
3.783019856042194040e-01
3.893258001913436628e-01
3.657550212385211053e-01
4.749990030211135306e-01
4.409469700280503890e-01
4.149999983536699633e-01
4.149999999998487676e-01
3.979570692087910921e-01
4.449999999392730832e-01
4.199999999999996514e-01
3.629960229028414975e-01
4.164342543731782698e-01
4.089953086056614673e-01
3.613698396846979355e-01
4.054199574647285864e-01
3.549999999786254135e-01
3.599999999999990430e-01
4.254943928184979907e-01
4.904626035420186492e-01
3.679728192742062198e-01
3.942896971131256145e-01
5.399999999978933873e-01
3.970821382703986213e-01
5.449902318960089254e-01
4.107167722240788188e-01
4.280849563884863151e-01
4.431328169780754944e-01
4.349999999384647209e-01
3.835639249786311211e-01
4.299999999981110044e-01
3.916514785784898645e-01
4.249999999982637666e-01
3.941263405364264782e-01
3.907397736730273685e-01
4.800000000031911518e-01
4.262438717192498228e-01
4.850059741938515523e-01
3.555587836691637693e-01
4.950000953278331783e-01
