1.514765351310741748e-01
1.764104630258199746e-01
1.687062857026704055e-01
1.466938713717091669e-01
1.649999999511273518e-01
1.950000268689106864e-01
1.591568506235941927e-01
1.496295425523519462e-01
1.149987449823916680e-01
1.749999999996919020e-01
1.849999999381708171e-01
1.481529282834511407e-01
1.050000000082198237e-01
1.600000000000006417e-01
1.500000000004763634e-01
1.721154403303847835e-01
1.097450290368318926e-01
1.299999999641946735e-01
1.640110351883690698e-01
1.549999999999823741e-01
1.133656775241897036e-01
1.645053690320741058e-01
1.749999999985307753e-01
1.927117358316002560e-01
1.432411387690584459e-01
1.497856056962352245e-01
1.645053639669093737e-01
1.599999999999996425e-01
1.135081431611742464e-01
1.644805042246508253e-01
1.541093731725391158e-01
1.749999999962039143e-01
1.549308955605813443e-01
1.573720458143057777e-01
1.450005676473295202e-01
1.393619789833198952e-01
1.156733321271051357e-01
1.949999999981718302e-01
1.277339856013604280e-01
1.652575765086900517e-01
1.349999999970634690e-01
1.877761185758142770e-01
1.216942360958618574e-01
1.550000000007920320e-01
1.151417119581903126e-01
1.750000000034491188e-01
1.761892532323760252e-01
1.397454545188883679e-01
1.945053430743577116e-01
1.124706681250035728e-01
1.475704328511471541e-01
1.595981152769858080e-01
1.899999999891970603e-01
1.130549556582424037e-01
1.339160011847172205e-01
1.299999999999996436e-01
1.145233144309495410e-01
1.448647819092158395e-01
1.800000000163717861e-01
1.449985466819210533e-01
1.349999999997165689e-01
1.751549803665035376e-01
1.319752144471095789e-01
1.319063806138702499e-01
1.287530136482919196e-01
1.778589483938944338e-01
1.866558918490763275e-01
1.643303649663188926e-01
1.600000000038111214e-01
1.000000000294824359e-01
1.949999999396258843e-01
1.850000000033321657e-01
1.549999999980919974e-01
1.951385142917405890e-01
1.250015359410773796e-01
1.379379575998360141e-01
1.981318764228490459e-01
1.950000000080197859e-01
1.749964830602414867e-01
1.300000000095635211e-01
1.499999999999998557e-01
1.302100995066911848e-01
1.338141731666765422e-01
1.900832304470244372e-01
1.949999999392275085e-01
1.349999999957708363e-01
1.680020126885465315e-01
1.851712715796954012e-01
1.392542737057125835e-01
1.297853149461430378e-01
1.686482006063130257e-01
1.814190653217437332e-01
2.000000000012740475e-01
1.450000000033317138e-01
1.279976105623597538e-01
1.499999999999999389e-01
1.099993572088339144e-01
1.450000000100538089e-01
1.599999999936427275e-01
1.499999999941019346e-01
1.691307503212231556e-01
1.783902213886456867e-01
1.249999999996383171e-01
1.349999999392367533e-01
1.272875029935650326e-01
1.360651611360672031e-01
1.419056604675432154e-01
1.478581289620439776e-01
1.949999999399671669e-01
1.877948487775490671e-01
1.549999999388163574e-01
1.833048731520659225e-01
1.436393724415587769e-01
1.851611457349610912e-01
1.665156509187809830e-01
1.699999999999996514e-01
1.450000000018109858e-01
1.749999999647706417e-01
1.853245067884588537e-01
1.449999999627157032e-01
1.692415819852898795e-01
1.649688507166661433e-01
1.385265065798698125e-01
1.316461764858390948e-01
1.544189785179479468e-01
1.449999999998271005e-01
1.534469539547692885e-01
1.134166750669337032e-01
1.649999999388044036e-01
1.050000000034284203e-01
1.449999999964830533e-01
1.699999999949804441e-01
1.250675216137493440e-01
1.300000000128926081e-01
1.254970428878702249e-01
1.331765183501917582e-01
1.465493738888979658e-01
1.247527073058539021e-01
1.300000000003814771e-01
1.749999999396731065e-01
1.949978903966715915e-01
1.250000000035627612e-01
2.008344256497668345e-01
1.560590721248606150e-01
1.114384294338530562e-01
1.424254100853535321e-01
1.896499549162238007e-01
1.849999999977417486e-01
1.449902092507079632e-01
1.350000000007685330e-01
1.849999999982384624e-01
1.492546717294661041e-01
1.799999999999997435e-01
1.607480076113232126e-01
1.330553358009888276e-01
1.150923113845526286e-01
1.455909728403012027e-01
1.914446480626689207e-01
1.349713008024715777e-01
1.299740481056282648e-01
1.957082131581461271e-01
1.141963638501056477e-01
1.050618913221993689e-01
1.649999999971284714e-01
1.299999999999997824e-01
1.651331931212897119e-01
1.949999983521050473e-01
1.128406621949579608e-01
1.850000000000022737e-01
1.599999999916284221e-01
1.815911099539694595e-01
1.650000000018657931e-01
1.917697792749080699e-01
1.577578195614771084e-01
1.818801930241128462e-01
1.171152360928611746e-01
1.428144998246020092e-01
1.515122869109349624e-01
1.199999999999995098e-01
1.565605523702843505e-01
1.925120055445756484e-01
1.707468050008670857e-01
1.500684273182311679e-01
1.844957700038666326e-01
1.649999999397614714e-01
1.946667242496415706e-01
2.000000001122718418e-01
1.149973192294855284e-01
1.247133645022564241e-01
1.608266909598579097e-01
1.349999983610160603e-01
2.000000000504766340e-01
1.821231630410176383e-01
1.549980433409250125e-01
1.100000000072546141e-01
1.950000000037117043e-01
1.197850490823720304e-01
1.974156065877411270e-01
1.500000000071061435e-01
1.635610739998632490e-01
1.004799894000700800e-01
1.150000000064307082e-01
1.937940661298668266e-01
1.483553898124556625e-01
1.391820637797315796e-01
1.982470422567065571e-01
2.000000000259001265e-01
1.249999999999383965e-01
1.050000000268493522e-01
1.749989917956607521e-01
1.656922558821848079e-01
1.416186554290371213e-01
1.458617932589812427e-01
1.402145841300146412e-01
1.100000000009163231e-01
1.610013890433288075e-01
1.711391612587866429e-01
1.148962855417224871e-01
1.350011358675209938e-01
1.233902965786854156e-01
1.750000000000316580e-01
1.392483073026115903e-01
1.469434302988045504e-01
1.150693146411535112e-01
1.446157704462621707e-01
1.491883405784737437e-01
1.909618907985530800e-01
1.649896413836211273e-01
1.302127441970571953e-01
1.849997601636713396e-01
1.906452856653092776e-01
1.249999999382089000e-01
1.640174806009114805e-01
1.445052726273545751e-01
1.349999999983559906e-01
1.407597559282098565e-01
1.550000000048958881e-01
1.770803166831777242e-01
1.632674806007353430e-01
1.800000000060636707e-01
1.199999999999994682e-01
1.499999999999996614e-01
1.018437940261538027e-01
1.549999999979101151e-01
1.192178470302165672e-01
1.649999999976408116e-01
1.899999999973859821e-01
1.699999999999997624e-01
1.786423603489088185e-01
1.049999999999711581e-01
1.951544721040690544e-01
1.750000000118337451e-01
1.249997599408907006e-01
1.649999983635139778e-01
1.949957533572936885e-01
1.399999999999998745e-01
