3.249999999960296870e-01
2.600000000000094458e-01
2.549999999864048794e-01
2.149981878875431296e-01
2.249999065022581790e-01
2.049688484034279112e-01
2.505522438375193395e-01
2.149999999386382477e-01
2.349999999812484863e-01
2.678177648106054853e-01
2.175313499203051781e-01
2.799999999999992495e-01
2.149999999388391425e-01
2.959569216081174292e-01
2.349999999383497740e-01
3.450004310490328852e-01
3.245762441209766314e-01
3.449999999327136857e-01
3.049999816912721817e-01
3.200000000082802720e-01
2.555587258276389440e-01
2.379407442002449968e-01
2.041579683166262482e-01
2.473862473919634652e-01
2.299999999809872187e-01
3.300000000074541084e-01
2.400000000323189442e-01
3.262050351537886250e-01
3.177680009883639412e-01
2.016967064512996954e-01
2.599999999992961275e-01
3.449993074056615372e-01
2.850006547382150091e-01
2.650000000002867284e-01
2.100000000000005751e-01
2.894967822275088531e-01
2.302606050645958358e-01
2.398755171332123126e-01
2.099999999999985767e-01
2.250000300463816383e-01
2.045130494853105718e-01
2.599999999291404684e-01
2.679292471343489579e-01
3.200000000719380178e-01
2.050594449263415942e-01
2.783008755354187125e-01
3.349999999299336784e-01
2.150000000001054956e-01
2.054679905195879730e-01
3.500882345288043873e-01
2.750001049056753910e-01
2.649999999973284281e-01
2.545495168701337185e-01
2.251348370706530433e-01
3.250000000472065831e-01
3.500000000014298895e-01
2.049999983524698477e-01
2.211177533724628108e-01
2.849999999395436134e-01
3.366623367435876424e-01
3.193777351150078880e-01
2.114502672429294239e-01
2.949999999981145482e-01
3.300000000159107882e-01
3.368978911618831784e-01
2.547503385001528842e-01
2.362708426659039795e-01
3.049999999966912512e-01
2.521094140493009839e-01
2.281876274513144343e-01
2.138251692753649624e-01
3.464914712129175678e-01
2.600000000489078866e-01
2.649993452586268949e-01
2.974248878505822979e-01
2.943822021135386602e-01
2.149999999981675458e-01
2.049999999387110416e-01
2.292560224405593150e-01
2.949999999380898408e-01
2.692562396772951172e-01
2.488842459722363787e-01
3.299999999999994604e-01
2.637403255193011553e-01
2.749999336437895514e-01
2.249999999376730009e-01
2.357493035489645339e-01
3.112926492442234516e-01
2.355774026572576840e-01
2.224482285220314992e-01
3.149323453623662505e-01
3.525752376882337336e-01
2.504724363680336796e-01
2.402737587487134008e-01
3.450000413464462956e-01
2.150272329667276550e-01
2.263515727578273851e-01
2.099999999882684598e-01
3.099999999943396367e-01
2.741085170315500363e-01
2.249999999381121218e-01
2.233267434487481717e-01
2.398329675907849845e-01
2.399999999999985756e-01
2.644378004309680952e-01
2.349999999992617439e-01
2.418318745498890254e-01
2.621644498486153663e-01
3.449999999997856448e-01
3.502150224080894381e-01
2.050000002561221946e-01
2.085770995749295920e-01
2.350013104687349585e-01
3.399676722523932160e-01
3.149999999649199522e-01
2.450000000000048528e-01
3.149999999398417905e-01
3.179551131625811822e-01
2.379622159537888582e-01
2.500000004254356312e-01
3.249999999999869660e-01
2.679526801799100300e-01
2.298751511613856824e-01
2.500000000018391400e-01
2.699999999999989075e-01
3.245054246231360295e-01
2.950675873370738334e-01
2.518170104586310853e-01
2.449999999996950728e-01
2.213831579191014587e-01
3.289209712329755342e-01
2.849999999394687289e-01
2.200000000882980922e-01
2.465883077092114184e-01
2.916704014697306113e-01
3.052843999103395656e-01
3.228852782717897552e-01
2.399999999822151342e-01
2.849999999397275219e-01
2.899999999994130051e-01
2.350002616297063029e-01
2.050000000001210299e-01
2.352971771393231326e-01
2.249995219105860589e-01
2.049999999985437360e-01
2.853025680389860708e-01
2.910548194773970310e-01
2.307420093694304564e-01
2.462720344636406822e-01
3.200000000051964610e-01
2.300000000374816111e-01
3.263027310977167916e-01
2.471220857808431037e-01
2.749999941198118525e-01
3.338991936272012739e-01
2.511984327147800955e-01
2.799999999973064591e-01
2.709098748097695797e-01
2.481312068553828687e-01
2.049979916216049802e-01
2.244630105737181192e-01
3.349999999380272597e-01
2.100000000000020461e-01
2.850000000001494671e-01
2.449981619481051143e-01
2.650009205414167734e-01
2.899999999979532839e-01
3.514605867395800831e-01
2.550675268805669971e-01
2.063211480899694861e-01
2.829017833158609663e-01
2.864512226254426475e-01
3.183781834220356100e-01
3.140229576919684185e-01
2.649999999997836309e-01
3.249998497004671361e-01
2.648640461571865057e-01
2.349997788841822477e-01
2.400000000273367906e-01
2.299999999999995659e-01
2.250000000003330169e-01
2.770264629108435961e-01
3.028021947087205512e-01
2.398734172182919733e-01
3.499999999963055441e-01
2.382228998209492410e-01
2.421036500409046999e-01
2.254646556144652148e-01
3.449999999634434378e-01
3.449999999384842919e-01
2.424077548623712330e-01
2.050000000006030054e-01
2.649999999581508781e-01
2.602146883417873480e-01
2.260253851140654191e-01
2.645054611191657301e-01
3.050272299778948315e-01
2.431474132327650917e-01
2.649999998612826979e-01
3.399999999999996914e-01
3.350000000571436432e-01
2.647448070300588707e-01
2.900000000088773788e-01
2.249999999386182170e-01
2.399999999998597422e-01
2.150000000223382668e-01
2.750000000148019041e-01
2.349999999382746674e-01
2.350000000127225042e-01
2.549999999985610444e-01
2.050000000076094286e-01
2.949999999999708411e-01
2.177231865675555988e-01
2.526455183129946436e-01
2.760478676380518359e-01
3.438700358847702199e-01
2.399999999740519141e-01
3.000000000000008216e-01
3.055229688140385647e-01
3.322015867519761412e-01
2.250000000014568957e-01
3.455496500741694899e-01
3.335561217376732390e-01
3.199999999999997846e-01
3.378151021177013824e-01
2.336824918050867117e-01
3.049999999398124717e-01
2.404083439652157927e-01
3.078126009141275432e-01
2.156496630819803584e-01
2.663563469448689824e-01
2.899999999964580355e-01
2.792601629860270163e-01
2.194417308362613950e-01
3.349999999390461669e-01
2.499999999719130783e-01
2.400000000019306967e-01
2.349983267407234899e-01
2.662453194403334722e-01
3.299999999941921613e-01
2.651691017157040142e-01
2.350000094134264694e-01
3.494505346567063353e-01
2.349993060758465147e-01
3.150063561424594760e-01
3.214929565778253950e-01
2.649999999383125804e-01
2.899999999999997580e-01
2.952076219247316557e-01
2.349999999395261385e-01
2.649999999398822692e-01
2.956894020569132975e-01
