1.250035121943901817e-01
1.354096385866995766e-01
1.245339578822909077e-01
1.705765568749673111e-01
1.389806668554111613e-01
1.099999999999994871e-01
1.799994641023711095e-01
1.749998670581426885e-01
1.558722920291401581e-01
1.050000857599592413e-01
1.250000000010274559e-01
1.901036622486388938e-01
1.650027804707368262e-01
1.809682468267034550e-01
1.621553700305059520e-01
1.149999999378910065e-01
1.500000000003629541e-01
1.867688663810628813e-01
1.447638636641716547e-01
1.749999999396779360e-01
1.850681962959417337e-01
1.408884989335712212e-01
1.400000000061977501e-01
1.740259864543829693e-01
1.773860947111844943e-01
1.899999999896753167e-01
1.299999999948039109e-01
1.055888485080026112e-01
1.650022563035121459e-01
1.449999999978192899e-01
1.449308632206949832e-01
1.097851618630423381e-01
1.450000000016561097e-01
1.749999999230590908e-01
1.672260971677501373e-01
1.950618456543108392e-01
1.949999999379410098e-01
1.688358032122295183e-01
1.701452826358198500e-01
1.782172841598894386e-01
1.878751818575961074e-01
1.496251099261843298e-01
1.749999999386031013e-01
1.857537772093879047e-01
1.349999999997649192e-01
1.845054129583759139e-01
1.615888216763516350e-01
1.087730329099391158e-01
1.698372470437245485e-01
1.349325406019764029e-01
1.893432471972975872e-01
1.316681565097730100e-01
1.799999999999643274e-01
1.500000000124958599e-01
1.322463935206498464e-01
1.550032379455117681e-01
1.650000000006814349e-01
1.499999999951260043e-01
1.300194082688919950e-01
1.749974718401312301e-01
1.619980126392869813e-01
1.209736820045752559e-01
1.650000000033566561e-01
1.199997786078512013e-01
1.609483685829512511e-01
1.562443836824757570e-01
1.462854340195973990e-01
1.099999999964170472e-01
1.849999999394127959e-01
1.249999999995295291e-01
1.449999999379736337e-01
1.149999999978176951e-01
1.755943919235945783e-01
1.915301105908875090e-01
1.477363340235851308e-01
1.800000000584134063e-01
1.049999999981603149e-01
1.853317634579559614e-01
1.246816097293486914e-01
1.650000000012051549e-01
1.285670393860776362e-01
1.749999999485978286e-01
1.507462656981375104e-01
1.503729672360299696e-01
1.502341332645806271e-01
1.578356723455364430e-01
1.502149924624605892e-01
1.249727561090476086e-01
1.400000000031379754e-01
1.065133264545010949e-01
1.878355927160831329e-01
1.649999999299499309e-01
1.097169716057392608e-01
1.700000000024217139e-01
1.480045930344424943e-01
1.350263929945963171e-01
1.150000000033873926e-01
1.650028170473612499e-01
1.918055106067979576e-01
2.008992287617650530e-01
1.707479394488032043e-01
1.350690982603381385e-01
1.249999999396416567e-01
1.899999999905112036e-01
1.199999999999999539e-01
1.249999999996132538e-01
1.294676347599953425e-01
1.549999992535079363e-01
1.433852782192719666e-01
1.150000043609550743e-01
1.149999999395488609e-01
1.978538809073153160e-01
1.115117012364329335e-01
1.450000000002893974e-01
1.150000000079127033e-01
1.686154285436623768e-01
2.000000000000001221e-01
1.199999999825853148e-01
1.097244411569864436e-01
1.726153323832800568e-01
1.795432757824326486e-01
1.799999999982211940e-01
1.199659440949268352e-01
1.547242539085222079e-01
1.849999999998220845e-01
1.965797099109063972e-01
2.000000000068484496e-01
1.388933280834295791e-01
1.963919469165072706e-01
1.494506063525259942e-01
1.824251564847303997e-01
1.478356776160561770e-01
1.882642471397480421e-01
1.900000000000364453e-01
1.430531813690739951e-01
1.549999999394735817e-01
1.849999999969456077e-01
1.649981161512462657e-01
1.954496719754467149e-01
1.783318653164341905e-01
1.643342646779358263e-01
1.499999999946375062e-01
1.289281901572573441e-01
1.902082026489033406e-01
1.549999999927502703e-01
1.326456155259647662e-01
1.249999999981267346e-01
1.695901199176532703e-01
1.700000000000019829e-01
1.126961863597784608e-01
1.249999999970425740e-01
1.049999999998536965e-01
1.949999999999812161e-01
1.650036777914374586e-01
1.049987633530425624e-01
1.950000000001392564e-01
1.909832043570802163e-01
1.986673090267083441e-01
1.264449292677971015e-01
1.191570645095602482e-01
1.549999999982867860e-01
1.650015854957721517e-01
1.695068295341418951e-01
1.750000000000476175e-01
1.249999999994855227e-01
1.942487006115829473e-01
1.250000083486921820e-01
1.188557262671610937e-01
1.209495140201630597e-01
1.649999999997435185e-01
1.758595213304838256e-01
1.899999998728205131e-01
1.099999999932117500e-01
1.199999999973677123e-01
1.799999999999994105e-01
1.637663415103480513e-01
1.552132862332953889e-01
1.549999964059606272e-01
1.617156760605885091e-01
1.149992355377723180e-01
1.749999999603798762e-01
1.899999999964542829e-01
1.600000040823079672e-01
1.583898351065200771e-01
1.699999999999996236e-01
1.349999991663246857e-01
1.413094291383417966e-01
1.249984864255021116e-01
1.750000009393172240e-01
1.150000000000822586e-01
1.445053159121869601e-01
1.349999376543239149e-01
1.750016379922201826e-01
1.549999999948837859e-01
1.795368398562718071e-01
1.149999999931981542e-01
1.199822157859065097e-01
1.354972591690478956e-01
1.150020810813030675e-01
1.562040351541037209e-01
1.149999999774218157e-01
1.855006435688089095e-01
1.554946419197248686e-01
1.204958182347439510e-01
1.345052729469368991e-01
1.950000000001604339e-01
1.550007695498738236e-01
1.299999999999992828e-01
1.434404979874279729e-01
1.457758194977250010e-01
1.550000000039923886e-01
1.949999999997572009e-01
1.335020841574742212e-01
1.499999999999995504e-01
1.636761532126453367e-01
1.702151182500072635e-01
1.889422563049738546e-01
1.750000000003808509e-01
1.400000000000003186e-01
1.849999999998794831e-01
1.899999999999991696e-01
1.310016869102005599e-01
1.399484444203150657e-01
1.926306113307971191e-01
1.249987124942667088e-01
1.151918323716518977e-01
1.356688691976483674e-01
1.754195762246212875e-01
1.490835526839303371e-01
1.346101799103519570e-01
1.184625449522657137e-01
1.350000000033396430e-01
1.549999999996216071e-01
1.749999999996444955e-01
1.879162076287947958e-01
1.749999999976672438e-01
1.437186083360862399e-01
1.190487090227547173e-01
1.249999960512765823e-01
1.480954727366129431e-01
1.697849671602160160e-01
1.445026846882043470e-01
1.750000000010313583e-01
1.550768402549957403e-01
1.578176599912556877e-01
1.449999999959841746e-01
1.144418674685299397e-01
