6.349325014564797254e-01
7.349981774867710982e-01
6.599999999594211575e-01
8.581197461113342362e-01
8.225943329511105073e-01
7.448881121922932280e-01
6.320956252446464640e-01
7.452532549470696210e-01
8.850000000000004530e-01
8.649999999952240337e-01
8.783251320724700939e-01
8.011869462081120385e-01
7.349999999374511317e-01
6.749999999519313842e-01
7.349999999996690292e-01
8.850011792688939893e-01
6.149999999971587084e-01
6.400000000182114457e-01
8.780020193334505674e-01
8.650691443460342134e-01
7.783902520473735542e-01
8.501843114165896775e-01
7.518378897947752826e-01
8.798749451884123607e-01
6.825816694008304264e-01
6.499999999974815923e-01
7.055582546648800912e-01
6.946559582162520341e-01
7.049307067335235377e-01
8.310556065557488381e-01
7.855060627124510475e-01
6.499999999999985789e-01
6.449999999915896343e-01
8.910916366304226788e-01
7.249999983526314029e-01
5.649481146326087444e-01
7.349999999999986544e-01
6.654945156666107753e-01
5.950025621836930734e-01
7.249982293328746108e-01
7.250000000006042722e-01
5.867871325065145971e-01
8.083298522491908500e-01
6.349999999329837275e-01
8.350005232329225091e-01
7.737556107506182723e-01
6.849999983554643235e-01
7.249995689545879474e-01
7.187625473132913667e-01
8.449999983532081593e-01
8.941911798283466162e-01
7.850004735919886567e-01
5.741236082239991045e-01
7.549999999982340837e-01
7.550000001425506424e-01
7.401251398971726569e-01
8.031527824985120745e-01
6.499999999973344877e-01
7.333061710857005089e-01
6.738058895870654430e-01
6.049999999398254502e-01
8.849999999392408334e-01
8.699294169838499569e-01
8.212931472529798604e-01
8.099999999983847898e-01
6.949999999396402339e-01
7.149999999999977485e-01
5.749999999793168337e-01
7.534746897889210704e-01
5.579116056199683316e-01
8.697854439114491854e-01
6.534082482551661908e-01
5.581162090746212279e-01
6.360973983173306978e-01
8.399999999958573937e-01
5.950003046053219391e-01
6.454944088042834371e-01
6.000000000890409746e-01
6.980973300581249097e-01
7.747635652527039563e-01
6.550000000037267123e-01
6.950000000000013944e-01
6.456270356364153251e-01
6.899999999955283014e-01
8.850002078182027665e-01
6.056686479291096825e-01
8.084206264591832225e-01
7.349999999274282603e-01
6.973868474267412854e-01
7.521351903736003264e-01
6.549999321911005312e-01
5.599999999993690025e-01
8.949999999396223149e-01
6.550000000017591750e-01
6.550000000070413941e-01
6.900000000044642645e-01
8.900000000062397998e-01
7.352112752732073986e-01
6.926935122881224816e-01
6.900000000000007239e-01
5.749324838994798181e-01
7.449999999394758543e-01
7.826638960574475723e-01
8.899999999936768491e-01
6.951202621968849416e-01
6.308463747676167355e-01
7.751339051753203258e-01
8.793857673857228274e-01
7.949999999375326754e-01
7.450011851445320632e-01
7.042802615360674867e-01
7.049999999972176301e-01
5.749999999397089612e-01
8.592229346415328761e-01
5.630100124055348321e-01
6.299999999999997824e-01
7.102783760382395117e-01
6.322317090123430461e-01
7.450001155903454020e-01
6.839259338188472537e-01
8.912193252958935386e-01
8.745897951668293313e-01
6.085423857572882511e-01
8.349999999992168132e-01
8.717193951163378918e-01
6.057084567039959788e-01
8.797139872063142185e-01
5.900000000000000799e-01
8.350000000011466028e-01
7.560171364855758913e-01
6.699999999999994849e-01
8.749999736942832840e-01
7.035915631416190807e-01
7.799999999996114486e-01
6.046933579572677520e-01
7.550020861597781519e-01
7.358061709699489361e-01
7.385224346281658026e-01
7.599999999984499155e-01
5.698749984004258806e-01
5.880855885989449972e-01
6.774549045879555420e-01
6.150000000191062632e-01
6.650000000376827813e-01
7.349999999977304688e-01
7.549999983556103800e-01
8.651337325463483996e-01
6.987964960469382758e-01
8.800000000149633683e-01
7.455620433760922205e-01
8.497853704486583171e-01
6.543367009645085774e-01
5.577637424305347258e-01
6.599999999986433386e-01
7.249981412964117133e-01
6.099999999663090477e-01
6.819989054402159079e-01
8.547523542990286272e-01
7.200054558944767313e-01
8.299999999999994049e-01
7.250000000004243050e-01
6.917517089097005023e-01
7.249999999729386246e-01
7.299999999870031564e-01
7.273460874024800793e-01
7.918174181487653840e-01
5.846330604065022030e-01
8.449999998829361703e-01
7.449999999985668087e-01
6.743309307924951757e-01
8.828695645993579477e-01
8.510684310245808515e-01
7.922151287279518561e-01
8.524260861110097842e-01
6.349999999749749158e-01
7.549999999969791986e-01
5.849999999968288344e-01
6.850841694402074467e-01
6.437030843276210224e-01
8.599999999999995426e-01
8.222715258510568948e-01
7.649999999993790656e-01
7.692428154724527678e-01
8.511182965884963592e-01
8.949999999394002703e-01
7.950000000001052891e-01
7.154944788191567318e-01
7.435225604697535129e-01
6.881077447145332870e-01
7.821571975571283142e-01
6.473349087693582860e-01
7.852898268171224494e-01
7.829501483728881217e-01
6.950311510991984409e-01
7.300000000020966384e-01
8.981829743801340582e-01
7.900000000011857537e-01
6.350000000101859721e-01
8.750000040532169843e-01
8.292621996571700738e-01
6.747602390459217503e-01
8.350000000050477045e-01
6.849999999906611903e-01
6.407507402894676574e-01
6.549999999395480499e-01
7.483125590158510310e-01
6.400000000000006795e-01
7.489772807624410778e-01
7.900000000027505020e-01
6.941913824559392543e-01
5.645053511287040360e-01
7.749999999636432158e-01
7.996670832628536285e-01
7.349999999390902650e-01
8.999999999999995781e-01
7.250000000051187721e-01
8.376518788487580247e-01
7.149975767102487723e-01
6.268259890474332519e-01
7.948390365647790556e-01
6.150000000009279155e-01
6.550000000017413004e-01
8.549990466321554239e-01
6.499999999999996891e-01
6.486761471285040770e-01
