3.824201755976893158e-01
4.208537567620557196e-01
4.950000000000905342e-01
4.850000000434899206e-01
3.550000000204940331e-01
4.199999999729638334e-01
4.699999999876243173e-01
4.649308442561300159e-01
4.181658696545093035e-01
4.074761300228346705e-01
4.057814860427442771e-01
5.368824684315438578e-01
4.050004323609929235e-01
4.399999999999995026e-01
4.750000000296391023e-01
3.919658344130413918e-01
4.908944762828525432e-01
3.619105526369844616e-01
4.499999999343426427e-01
4.249999999388914818e-01
4.699999999999994182e-01
3.687204386701166681e-01
3.815055059650612201e-01
4.749902426493849417e-01
4.150026677799215080e-01
3.749999999397858885e-01
4.967040628634380450e-01
5.249964808615076306e-01
4.499999999985754284e-01
4.049999999989359334e-01
4.149999999964464337e-01
3.969114802775470241e-01
3.641626328642044719e-01
4.350000157043971694e-01
4.550035222193299367e-01
4.050000000003436962e-01
4.558870974308040780e-01
4.549999999986821808e-01
3.550003044708536226e-01
3.651340091179211544e-01
3.597825568510362171e-01
4.050838736979249788e-01
3.975814119965657145e-01
4.117324952595506349e-01
3.699999999999978861e-01
3.749963205682849132e-01
3.884960402674145774e-01
3.807473307650813266e-01
3.928324039955519154e-01
5.100000000000004530e-01
4.799999999997614508e-01
5.522548336338772845e-01
4.491647634872958927e-01
4.044746265738139446e-01
3.849999999578777587e-01
4.049999999945218532e-01
3.950692610317668718e-01
3.700000000011100521e-01
3.692542967468789850e-01
4.947130213677951027e-01
4.133249849802885789e-01
3.849999999399483230e-01
4.650000000117880394e-01
5.049999999770989900e-01
4.861200035959015731e-01
5.404693549516775830e-01
3.862574756518698527e-01
5.152571111456779596e-01
4.420236176806849326e-01
4.849982868797490521e-01
3.649999883943363943e-01
5.252953152366282019e-01
3.950023255375720854e-01
5.020488386500057132e-01
3.650030536517200885e-01
4.750002046174764958e-01
3.749999999389103111e-01
4.749999999377709781e-01
4.050000000005670175e-01
3.850006546257326856e-01
4.050000000096087294e-01
5.350327009877855478e-01
5.001100575703679718e-01
3.700000000011721690e-01
5.299999999405916595e-01
4.798421707281154136e-01
4.432012163212941669e-01
4.250000000082510554e-01
4.499999999997338351e-01
3.566575754211408489e-01
4.344411965580513568e-01
4.164929492301012171e-01
5.500000000424960511e-01
5.449323428062243790e-01
4.049999999374839232e-01
4.700000000148049639e-01
4.313082340174649310e-01
5.450000000000682077e-01
3.597922729846944612e-01
3.800000000003340150e-01
4.749999984934720754e-01
3.783186089644486882e-01
3.631919689089222469e-01
3.849999999940107998e-01
4.550006002292379392e-01
4.449207390509257731e-01
4.710718106197851474e-01
3.949982052688070788e-01
3.663593744647400396e-01
4.309067264980796508e-01
4.415004659350685867e-01
4.500000000052327698e-01
5.102623508610074632e-01
5.499999999954396923e-01
4.900217104142811086e-01
4.049990748345243530e-01
3.874633463883493945e-01
4.059610088241170089e-01
4.949999999988693999e-01
3.588708509912612032e-01
3.790962017606251955e-01
3.750000115753640562e-01
4.149999999228572434e-01
5.205212012227697915e-01
5.049999999394441108e-01
3.549999999977840326e-01
3.553672050550571448e-01
4.550000000007358159e-01
4.450000000013030754e-01
3.700000000000001066e-01
3.586272156482296358e-01
4.200054564020352377e-01
3.706536816818074564e-01
4.045048527485027301e-01
5.500000000055839111e-01
3.749979349884023372e-01
3.649999999393841454e-01
3.850020663160634848e-01
3.899999999996090483e-01
4.650002458739355138e-01
3.749999999853901866e-01
4.923678150068783732e-01
4.850000084560905367e-01
4.650000000590829852e-01
3.565405366684667454e-01
4.700000000000001399e-01
4.439659243209913009e-01
5.299461337946003159e-01
3.807507719537138180e-01
4.537921782883099775e-01
3.548647699515094511e-01
4.599999999838412235e-01
4.381877041623287727e-01
4.549999999676370144e-01
4.150000000298737501e-01
4.696233473569125239e-01
4.753603960663822514e-01
3.850000000038174552e-01
3.549999941439451745e-01
4.250000000004200973e-01
5.072670407506754131e-01
3.749999999982780441e-01
3.849999999962408492e-01
3.749999999390455363e-01
4.718683055101933199e-01
3.902351006048903059e-01
5.262807363033854546e-01
4.035358179166475545e-01
3.649574070524157499e-01
3.550000001388081139e-01
4.049999999331206357e-01
3.750023500163824908e-01
3.654372999582642945e-01
5.399999999999995914e-01
3.949999999734847833e-01
3.850000000002222755e-01
5.491805530160648319e-01
4.713762311699903340e-01
3.549973387265409897e-01
4.249999994996670472e-01
4.199624394983689224e-01
4.099999999952312346e-01
4.339391936660847993e-01
3.649999999997367017e-01
4.350000000219832463e-01
3.599658406419875556e-01
4.049218521291123585e-01
4.449999999972413800e-01
3.725011403890006179e-01
3.792363441319459572e-01
3.699999999761667824e-01
4.269899755109249351e-01
4.839450912294565588e-01
5.359880803098495683e-01
4.349999983542874871e-01
4.257264655027432898e-01
4.656846306448337858e-01
