7.449962869909074747e-01
7.149999999994817168e-01
8.349999999257871064e-01
7.982879770140247633e-01
7.192457724933188912e-01
8.219063107429432913e-01
5.899999999999984146e-01
5.967014081037755879e-01
6.827793224743735623e-01
6.764610634634492525e-01
6.243653619053437520e-01
7.268305029010412310e-01
5.751352862358687368e-01
7.749999999998696820e-01
7.689763369220123934e-01
8.986874443509690336e-01
7.400000000000805933e-01
6.392843863814507976e-01
8.507489239123559033e-01
8.988017158036862853e-01
7.004168700460583485e-01
8.817527301571340681e-01
8.417693973809456942e-01
7.449306675693905255e-01
7.350000000048748650e-01
8.348108865052028538e-01
6.977482321917302110e-01
7.422169220026449965e-01
7.326402295533080977e-01
7.101544504922920886e-01
8.099999999999991651e-01
7.478888776997368870e-01
6.249999999397716222e-01
5.925744760457561933e-01
5.797587477379165799e-01
6.592450209304929754e-01
7.399981688839845084e-01
7.574698192069637681e-01
6.999999999999995115e-01
8.179968592760820112e-01
6.991014610603492052e-01
7.452486812797748383e-01
8.160319831341042995e-01
6.949335611685475422e-01
7.665335656262119990e-01
7.599999999999986766e-01
6.269254070072451945e-01
5.571522462934850317e-01
8.793796614900619701e-01
5.649999983540817672e-01
6.626453260770852616e-01
7.796939233047752715e-01
6.910366573289467018e-01
6.017003662934238273e-01
5.809273324099296643e-01
8.817718863147843145e-01
