8.312798855787937313e-01
5.688809057197821151e-01
8.846909597039640527e-01
7.767291589148483943e-01
6.284717716929514308e-01
8.817944286894564554e-01
8.076462690508448006e-01
6.186907469812599203e-01
5.761817764482718429e-01
5.635801060933826045e-01
7.570783993561585046e-01
8.592526053179688761e-01
8.649306121462911889e-01
7.349751346916999495e-01
8.649999999984315791e-01
7.450000000698792091e-01
7.297491719217114037e-01
8.500000000079724893e-01
5.650000000243432519e-01
8.892509581875719382e-01
8.082198949564735058e-01
7.448459978365963297e-01
6.792549587883169870e-01
7.849999999388608263e-01
6.749308146852868173e-01
7.205965353257166583e-01
8.349999999535907547e-01
8.049324542765333712e-01
7.462331267408903734e-01
8.699999998895137088e-01
6.830502803867689599e-01
8.681024441472952047e-01
7.699999999999995737e-01
7.221536878381408231e-01
8.749999999998812061e-01
7.200054555884840557e-01
8.944649311890529031e-01
8.592579419309707145e-01
8.757807157380237406e-01
8.350001666353307206e-01
6.649948148256601410e-01
5.654943776321738058e-01
5.700373358577878191e-01
8.849997345371946045e-01
7.455581890155715818e-01
7.750000000000247802e-01
7.550000115640959075e-01
7.990581444849484960e-01
8.423877584441066269e-01
8.841227096553673226e-01
7.245028699888691470e-01
7.344956426666389149e-01
8.050718016945344058e-01
5.599999999999996092e-01
6.921419146810655620e-01
7.999999999942272177e-01
5.750000000689092783e-01
7.454375149645799947e-01
8.450022922392762537e-01
6.849999999954966556e-01
5.899999999999993028e-01
8.595953183236342277e-01
7.648584131665264740e-01
8.883907932285823872e-01
7.749999999381728122e-01
6.580800086948382921e-01
5.961198212866982704e-01
8.050000000043190385e-01
5.686432369019942534e-01
7.907457615146721297e-01
8.600895950301485904e-01
6.899999999999993916e-01
6.565073601223169186e-01
6.944508241738763799e-01
7.849984848920477098e-01
7.850690759607035218e-01
5.791379340654007057e-01
8.699999999967433784e-01
7.806243508259571584e-01
7.068008117220875297e-01
6.993240529501805192e-01
8.550000000248300092e-01
8.349999999619728275e-01
7.549999999397701833e-01
7.656750163407645138e-01
8.529621193475704910e-01
5.949999999912233273e-01
6.918103921643865561e-01
8.674474008777356415e-01
7.299999999938903139e-01
7.392423412343264166e-01
7.072563030247602800e-01
6.750270601255367042e-01
6.050270706426237322e-01
8.902722905230172623e-01
8.533777557314299322e-01
5.692506344506638172e-01
7.036807549420139862e-01
7.719980102927018750e-01
7.149999999807153950e-01
6.955626765241493814e-01
7.799999999958873165e-01
7.003808312821666604e-01
7.320024739060746466e-01
7.200000000000001954e-01
6.791996994127011966e-01
6.899999999999995026e-01
8.925886006316057220e-01
7.442192626294226176e-01
8.101882833438239784e-01
