1.994863115107042284e-01
1.828930744068729131e-01
1.546119114933801053e-01
1.851918510332275780e-01
1.800000000463289618e-01
1.650018264399644996e-01
1.749999999999825584e-01
1.638445915523542573e-01
1.250006709359685886e-01
1.699999999967625741e-01
1.201286941727490315e-01
1.911184288966291667e-01
1.771276501172083795e-01
1.418801867809770800e-01
1.160694235993284806e-01
1.255979922767221091e-01
1.607537708099661400e-01
1.754294862581904646e-01
1.380450535414331215e-01
1.126213026745045281e-01
1.954973842549670993e-01
1.250039236732003456e-01
1.051461817601527793e-01
1.392491654937254297e-01
1.845402330410291780e-01
1.950000000003329625e-01
1.897686683303504984e-01
1.269874619737114407e-01
1.725385871260012582e-01
1.788924569314004898e-01
1.650000000135356248e-01
1.782777302820779119e-01
1.971388969755659692e-01
1.781946889724749794e-01
1.449999999997566014e-01
1.511470492972243340e-01
1.171734998959132468e-01
1.917061046007442482e-01
1.600229782789898691e-01
1.250000000001800782e-01
1.474961475310805625e-01
1.162292056630229303e-01
1.912697906877541265e-01
1.620728986685862349e-01
1.499999999870295364e-01
1.599999999772820647e-01
1.751027752970635010e-01
1.649271743047183159e-01
1.307393983987406305e-01
1.000000000070333656e-01
1.600000000000001976e-01
1.217692294047404422e-01
1.851905742854446368e-01
1.882023179373087662e-01
1.162438744343467362e-01
1.873722174757675718e-01
1.651461637848823660e-01
1.949984995412801236e-01
1.799999999987292043e-01
1.592490440860659662e-01
1.758215352210715787e-01
2.006016030169935349e-01
1.333348082168546167e-01
1.550000000059254535e-01
1.931278541518873237e-01
1.548997069395960380e-01
1.599349520722547491e-01
1.692563990099542615e-01
1.191808117077951534e-01
1.849951902540458715e-01
1.555563389816351783e-01
1.549999999395457462e-01
1.550000000299679437e-01
1.705077348870208676e-01
1.741554117773738974e-01
1.849984355712230855e-01
1.763023871975349377e-01
1.750519164902216707e-01
1.184102194587008106e-01
1.848551618556955600e-01
1.550124828143922551e-01
