1.349729350240990167e-01
1.888676769969029612e-01
1.278834312160476994e-01
1.507332679105893580e-01
1.793619710639497711e-01
1.641738263812387855e-01
1.200000000000984168e-01
1.101313616759499181e-01
1.515257218907781478e-01
1.337656723074197862e-01
1.861694401175676139e-01
1.449999999967803710e-01
1.964606621755480287e-01
1.382304139080098027e-01
1.150000000010731049e-01
1.580395374994557900e-01
1.349999999394256855e-01
1.846579106576761997e-01
1.302131736074593760e-01
1.964819444398433201e-01
2.008846770592386255e-01
1.700000000000046474e-01
1.297262801868586113e-01
1.494855040672458391e-01
1.132026757220040980e-01
1.541373977985749377e-01
1.349999990707860253e-01
1.511215851485756267e-01
1.897853276506385745e-01
1.189768132527791455e-01
1.889434530986628114e-01
1.309613417311596972e-01
1.681266645873523702e-01
1.575133667755040379e-01
1.072053326860471500e-01
1.897853216863324144e-01
1.816482762437120480e-01
1.741248602775362919e-01
1.663142729088848415e-01
1.178672532407231410e-01
1.698611231431162993e-01
1.324786056917558463e-01
1.749323404273461502e-01
1.750227402006437061e-01
1.600000000000017797e-01
1.172846442841022213e-01
1.372101970523608716e-01
1.592467489447336459e-01
1.768026536604948018e-01
1.268498912707585191e-01
1.624736938286021337e-01
1.917729113863817225e-01
1.549542796942431910e-01
1.245370953238147671e-01
1.413546662102878049e-01
1.225971224682054078e-01
1.299999990721512899e-01
1.349999999400006145e-01
1.710603027026003919e-01
2.007071854157773116e-01
1.650290035945286005e-01
1.752367060800862353e-01
1.702553633906848107e-01
1.249977164943065905e-01
