2.758848842952178471e-01
2.949999999999631251e-01
2.060879947863729633e-01
3.199999999716315324e-01
2.049999999399431672e-01
2.449206844896026636e-01
2.949999999491719760e-01
3.249999999399290074e-01
2.900000000000003686e-01
3.050008781160022386e-01
2.149999999160523700e-01
2.043149525784916931e-01
3.349999999896436931e-01
2.850000000000197931e-01
2.107414121375188742e-01
2.138972963433589392e-01
2.849324552681458678e-01
2.850010326070172573e-01
2.549306710451902380e-01
2.249379556429914051e-01
3.065291838758950616e-01
2.250000000000158540e-01
2.699999999577400445e-01
3.213918118802479018e-01
2.084510634547297181e-01
2.217178278175540584e-01
2.885165027255022774e-01
2.449999999467034895e-01
2.349999999995150413e-01
3.098054406286070983e-01
2.049999999593924149e-01
2.923307427894676347e-01
2.553481710437180419e-01
2.149976388974750574e-01
2.245536442407297661e-01
2.299999999999992051e-01
3.209517730893703957e-01
2.050000678344294225e-01
2.499999999854995159e-01
2.500000000058720806e-01
2.841487147240454592e-01
2.070916039216755822e-01
2.249999999986184163e-01
3.450012313195701119e-01
3.388615984211553189e-01
2.773544989376815484e-01
2.250000000000053624e-01
2.342061552996312079e-01
2.016806453863763671e-01
2.049999999380569538e-01
2.118681230341019073e-01
3.150000000002269318e-01
2.543556757951200842e-01
2.600000000008152456e-01
3.124514085791171292e-01
3.499999999999990896e-01
3.308985993281889360e-01
2.999999999999992117e-01
2.524464664994093277e-01
2.078352218760639858e-01
3.163489562083318662e-01
3.188950955879670812e-01
3.249999999396536721e-01
3.050000000103085807e-01
2.631322863068213946e-01
3.150000000231605313e-01
2.164966763127234850e-01
2.655956099673983384e-01
3.048637672193624804e-01
2.963139162287525274e-01
2.235818836678185595e-01
2.149974524526919173e-01
3.149999999976939580e-01
3.125827250561823423e-01
3.225746486724864748e-01
2.750000000192585614e-01
3.199937303766465790e-01
2.199999999944938223e-01
3.300216477420861438e-01
2.417825979701955785e-01
3.250000000002336020e-01
2.949991409924753172e-01
2.468836777819552464e-01
2.850012134609254955e-01
2.154489083658062409e-01
3.295524080815717127e-01
3.155169528430298853e-01
2.249999999977598530e-01
2.478619758133380202e-01
2.200000000000000289e-01
3.449324018985411855e-01
2.042355725563549107e-01
