4.735337005797967125e-01
4.992816359833089357e-01
3.899999999999996803e-01
4.549984243799792827e-01
4.299999999864083655e-01
4.657257142994324917e-01
4.400000000454032945e-01
4.049999999997496158e-01
4.149991855401354290e-01
4.849999999914255122e-01
3.848085537824016966e-01
4.131504223060444847e-01
4.250000000008964385e-01
4.949999999999448175e-01
4.440126001220630059e-01
5.299999999999994715e-01
4.599999999999992428e-01
4.202985686020083711e-01
5.149997305438285267e-01
4.598712720619946293e-01
4.944772216194215364e-01
3.700000001156041329e-01
5.070201265607924279e-01
4.533601055154085624e-01
4.656000289017622196e-01
4.387316087334576786e-01
4.799999999999994271e-01
4.402923280893946689e-01
4.668967143107521367e-01
4.749999999976183829e-01
4.649999999997699862e-01
4.276506889883146534e-01
4.749999999819562446e-01
4.188051363356986578e-01
4.450692956005624645e-01
4.268536808303979857e-01
4.755377996905560400e-01
5.149999999712165932e-01
4.450000000000017830e-01
5.442931922158600333e-01
3.949995477311921688e-01
4.049816079587836293e-01
4.978354278030180935e-01
3.649999999388369165e-01
3.800000424559267787e-01
4.289772539671957707e-01
4.500000000000004552e-01
4.219995248421577472e-01
5.186667758400472783e-01
4.667538366611861389e-01
3.791997528806561046e-01
4.608454433927916538e-01
4.193550472378182459e-01
3.900000000014942625e-01
4.189282410775359566e-01
4.599999999979834664e-01
5.197884612423702144e-01
4.150000000017114998e-01
4.448579366863288920e-01
