3.350000000044109916e-01
2.049934910730665527e-01
3.012131558839689083e-01
2.199999999999998623e-01
2.305885981711381094e-01
2.249999982869215487e-01
2.120788853129978724e-01
2.850000000146551415e-01
3.374007998002834241e-01
3.208506517677956471e-01
2.382907446672240248e-01
2.450000818390068169e-01
2.119158761031693650e-01
2.493283372271684062e-01
2.500000000000142664e-01
2.030963917798042917e-01
2.199999999916324722e-01
2.032777918249259463e-01
3.199999999864294176e-01
3.099999999933163997e-01
2.795590830924111758e-01
2.479467242453460285e-01
2.746529310642301658e-01
2.499999998328333306e-01
3.421783989068350462e-01
2.249999999310401122e-01
2.999999999999995448e-01
2.109503640188645224e-01
2.050000000042444259e-01
2.377688952693115532e-01
2.363222481588251878e-01
2.747497693249548179e-01
2.200000000058211502e-01
3.313305576377791328e-01
2.999999999594129552e-01
2.420559411768088420e-01
2.661241337837351728e-01
2.778697429963924992e-01
3.060614354609060284e-01
3.194667897603784001e-01
2.149316426817295955e-01
2.510472726867804538e-01
2.585160155484251820e-01
