8.550000000438033876e-01
7.099999999999987432e-01
7.576689721100082764e-01
7.558767917158877303e-01
6.478353671985099815e-01
6.549999999999501776e-01
8.441935654026442304e-01
7.194828840578336715e-01
6.450618905696566818e-01
7.950000000192580796e-01
7.734722444877457637e-01
7.741966593029043775e-01
6.849999999862476097e-01
6.149999999966025976e-01
5.600150930746987665e-01
6.690650196384858583e-01
8.599999999822669494e-01
5.900000000003543521e-01
8.819979816590257649e-01
7.537687704036089009e-01
7.763019140709909172e-01
7.049999999394628292e-01
7.149999999391009053e-01
8.522759879966658181e-01
5.902148124745847380e-01
8.790863340348264998e-01
7.449999999960206232e-01
7.247976232372487226e-01
7.750000000014288792e-01
5.958133163113307207e-01
7.730308754169151753e-01
6.349984263418620989e-01
8.348338336142819838e-01
7.539746258758831532e-01
7.350675995941622354e-01
7.712907487696158970e-01
5.649999999087014224e-01
6.150000058544522474e-01
6.149999999909615545e-01
7.692468043741800265e-01
7.262442521207603807e-01
7.949999999391804684e-01
6.919054833809460403e-01
6.450644909316181064e-01
7.851192138440385992e-01
6.724628350697953172e-01
7.550000000001365619e-01
7.917796285691334202e-01
7.379771814022676457e-01
7.599105887395033454e-01
7.043986724595259208e-01
6.219379689300631453e-01
6.873189463176659908e-01
7.550691178801458570e-01
6.982184717366819449e-01
7.522752670232553118e-01
8.917479077557842748e-01
8.307511682078220216e-01
6.207391890664701872e-01
7.488596466558257170e-01
7.600000000097888453e-01
7.307045135683560844e-01
6.650002436278157347e-01
6.411335274009565266e-01
8.849273357510116789e-01
7.268077052270712768e-01
8.000000000000022649e-01
8.250000000001297407e-01
8.150000000237295206e-01
7.049999999884465351e-01
6.450002637302624242e-01
7.402149159335231765e-01
7.619671159879551903e-01
8.405843043685442550e-01
7.438843892900595112e-01
7.599999999969292430e-01
7.502922657963301267e-01
5.900000000029094194e-01
8.628790969835711255e-01
7.500000000313760129e-01
6.285044565276112216e-01
7.500000000006291634e-01
8.496852851321649025e-01
7.411014410709872990e-01
7.649971733690681397e-01
8.399999999999985256e-01
