2.160446054319801745e-01
3.205014118730604156e-01
3.150000011506547959e-01
2.897855141734972384e-01
2.399999999916581084e-01
3.101412227634843810e-01
3.100000000010956214e-01
3.108534028382892167e-01
2.492184403078319954e-01
2.549999998120636713e-01
3.200909047801877017e-01
2.460165376708732254e-01
3.151294529517225107e-01
2.707390489183530424e-01
2.690551145561493329e-01
2.207507416991202343e-01
3.049999999802069373e-01
2.273572715176463976e-01
2.451353083991956727e-01
2.873597121984340363e-01
2.284828380872629405e-01
2.473006221756248735e-01
3.069786678544920711e-01
2.299999999999995659e-01
2.899999999999994249e-01
2.416018575401355784e-01
2.254945978372246140e-01
2.297849549064759633e-01
2.534872854070182591e-01
3.149206956265088175e-01
2.148597538400864315e-01
2.338999819135381686e-01
3.014805017223550210e-01
2.619995920850485271e-01
2.048602526137955626e-01
3.149323590008853424e-01
2.799999999600795708e-01
2.349999999389821848e-01
2.231559356911786141e-01
3.441000692974436337e-01
2.099999999942001039e-01
2.590990421099026997e-01
2.624692030165855505e-01
3.224313698259418937e-01
3.482062758878830544e-01
2.311241748086072800e-01
2.197876738173121236e-01
2.250022524178884320e-01
2.639717494115959573e-01
3.038130831826874600e-01
3.202142538863800847e-01
3.200000000099373354e-01
2.209172006218207140e-01
2.799999999966139019e-01
2.650000000013586487e-01
2.889873393546799618e-01
2.468661609517716626e-01
2.550692500164022936e-01
3.250000000358577168e-01
2.817944198454480076e-01
2.899999999999994804e-01
3.250000000015942914e-01
2.344249552360501976e-01
3.220687635646212188e-01
2.668240543539315279e-01
2.596309566496049492e-01
2.152121181394685001e-01
3.150000000172378800e-01
2.750000239083419395e-01
3.128996736767052922e-01
2.191249500994743582e-01
2.052663221242709557e-01
2.649999999999112510e-01
2.646766044217061520e-01
2.234323759497957584e-01
2.892993406546547908e-01
2.200342894579112585e-01
3.000000000180393922e-01
3.002144896735856605e-01
3.137705546743996821e-01
2.847521372837039100e-01
2.350022797315278744e-01
3.197855899599559848e-01
2.149999999386792982e-01
2.050000692782093514e-01
2.100000000027629765e-01
