4.039650993850266714e-01
4.078201340410922415e-01
4.450000002664220577e-01
4.326348999313629484e-01
4.092439996466122887e-01
5.550000003517809866e-01
4.671114309221335303e-01
4.805190545990003503e-01
4.480020029793810865e-01
5.386825989968826445e-01
4.595524074942427539e-01
4.247632607659849180e-01
4.350000000002844924e-01
4.649999999984668064e-01
4.326038402663094362e-01
4.590072842745668291e-01
3.700000000000013833e-01
4.949980294792789004e-01
4.949323783319389269e-01
5.348997669398193322e-01
4.623482230546927529e-01
4.900000000010753531e-01
4.511279746551990488e-01
4.120706740959337866e-01
4.779318890889041049e-01
4.127391547336058397e-01
3.900000003285241656e-01
4.340124191010886756e-01
4.250045967415596038e-01
4.349999999392266670e-01
4.399999997960335474e-01
4.050000003500786039e-01
4.699999999999996403e-01
4.699999999999997513e-01
4.049985224849077525e-01
4.599999999999984657e-01
4.100000000164202296e-01
4.149688488657124474e-01
4.699663558978389166e-01
4.099999999999986988e-01
4.668911858216574506e-01
4.899999999393178096e-01
5.248050407942352891e-01
4.045054365088512904e-01
4.950002046819820811e-01
4.299999999964805864e-01
4.749999999393039185e-01
4.585782513477002498e-01
5.079968324729019491e-01
5.196246871215891572e-01
5.549941766116716080e-01
4.570369413263853930e-01
4.050000000000126277e-01
4.118497435938403006e-01
4.749999999399983075e-01
5.127351712844568921e-01
3.831790831508749551e-01
3.902612215360961034e-01
4.150000000157046398e-01
5.049999999384905403e-01
4.178352585857012524e-01
4.985597042474866347e-01
4.650691787522139853e-01
4.155852729968720349e-01
5.001392245546564252e-01
4.849991862239931284e-01
3.650000002857718973e-01
3.803187271885907217e-01
