1.726138396674908315e-01
1.999999999999999001e-01
1.849727651610162671e-01
1.261980684604857850e-01
1.997848787610649324e-01
1.207098708745599769e-01
1.721010817797373749e-01
1.649999999996982214e-01
1.222937672354826033e-01
1.223105876631320754e-01
1.999999999821356067e-01
1.273551224775595625e-01
1.925552255295872595e-01
1.699999999999103895e-01
1.062680019948697291e-01
1.397861008027688756e-01
1.134272198272014281e-01
1.449987288288343834e-01
1.899999999999991140e-01
1.632428566067041231e-01
1.719979906315268758e-01
1.800000000058572247e-01
1.241920817541183886e-01
1.833063085929130809e-01
1.450375760460295149e-01
2.000000000000003997e-01
1.850001703497492211e-01
1.250001703294441047e-01
1.349999999999851874e-01
1.323301771765632850e-01
1.749999999389815764e-01
1.692546010705282267e-01
1.500106494955693037e-01
1.676768929631721750e-01
1.769916405068276410e-01
1.981070731791385875e-01
1.449999999966887776e-01
1.268078020199382427e-01
1.850000000014993262e-01
1.084723862338921874e-01
1.352733452593143371e-01
1.800000000000008815e-01
1.260413700514427804e-01
1.699999999999991240e-01
1.950020468704560528e-01
1.617951305167518172e-01
1.903140137503652740e-01
1.249984499116119502e-01
1.959232547915554790e-01
1.542059749390780610e-01
1.749975827203278655e-01
1.571070903534820262e-01
1.530159411742153253e-01
1.900375687128060820e-01
1.400000000099826114e-01
1.850205787184584505e-01
1.250000002821808343e-01
1.699999999806853235e-01
1.749999999999881095e-01
1.649999999383965077e-01
1.841962694217554042e-01
1.949993475964655332e-01
1.642231185958513140e-01
1.766238909745578012e-01
1.649308777513827373e-01
1.449999983511854884e-01
1.850000000012646251e-01
1.612262550766951630e-01
1.557853602411450877e-01
1.201062018835072631e-01
1.862955793411143202e-01
1.872387092614703763e-01
1.600000000108838527e-01
1.542259415594295635e-01
1.050021807907163263e-01
1.756547595487925884e-01
1.497215769942943642e-01
1.950696322121255044e-01
1.799767636815662319e-01
1.849998707979539081e-01
1.639762741135051549e-01
1.807119107633265997e-01
1.749999999997814693e-01
1.653419583038948926e-01
1.750002653195845970e-01
1.949984768254436340e-01
