4.400000000000004463e-01
4.175187667236505140e-01
5.038060484790973792e-01
3.549999999391642014e-01
4.249999999987666421e-01
4.423403959497335669e-01
4.450000000102254383e-01
5.410985339645255632e-01
4.686058514988690193e-01
4.400000000000005573e-01
4.549999999996697242e-01
4.300000000022725644e-01
4.129920188918935753e-01
4.249945689163112106e-01
4.007565885379541504e-01
4.850000000015681767e-01
4.431136653572129158e-01
3.571490295692161809e-01
3.549999999989854604e-01
3.749308850622729561e-01
4.629304641211516858e-01
4.100000000054467852e-01
4.199999999999997069e-01
4.292468783306221392e-01
4.682327635301564150e-01
3.580020274653009649e-01
4.344944631264282542e-01
4.350232593223092858e-01
5.350031171456346435e-01
5.027289001713096672e-01
4.280827147631353635e-01
4.546905955400164512e-01
4.227215228838313021e-01
4.201251535742311360e-01
4.139299816644316787e-01
4.717121498751711828e-01
3.723150415491257581e-01
4.349999999398659334e-01
3.927890844206048393e-01
4.199999999999997069e-01
3.541160964902488884e-01
4.055619688797512667e-01
4.150000000093982400e-01
4.100000000000004197e-01
3.952936443040233616e-01
4.249299455245214574e-01
4.250000000068581696e-01
5.391966088048899541e-01
4.400334535186761209e-01
4.205253694469306414e-01
4.192180956865352859e-01
4.549998375688353303e-01
4.394371301360390780e-01
4.946230623516875702e-01
