0.39586
0.83185
0.42667
0.90251
0.41811
0.96188
0.37652
0.30951
0.4244
0.53
0.92724
0.44745
0.5516
0.71356
0.36398
0.36813
0.59935
0.49379
0.37688
0.51435
0.39162
0.39527
0.46856
0.49067
0.7661
0.33514
0.57
0.40688
0.45939
0.43318
0.42255
0.43682
0.4074
0.43685
0.30526
0.32907
0.55665
0.45148
0.38659
0.42441
0.41039
0.67075
0.48
0.38574
0.42149
0.42039
0.38294
0.36309
0.42348
0.39966
0.37497
0.46882
0.49438
0.54769
0.38687
0.39826
0.43104
0.41438
0.64332
0.63636
0.56519
0.40532
0.37427
0.40019
0.38462
0.46762
0.84233
0.45272
0.38365
0.47864
0.4241
0.4131
0.42444
0.47959
0.34155
0.41664
0.41416
0.69852
0.40682
0.4
0.37889
0.4193
0.37025
0.49001
0.34505
0.38711
0.41667
0.35658
0.35635
0.44171
0.39198
0.44593
0.39493
0.97174
0.52149
0.48502
0.36358
0.48143
0.35257
0.43005
0.38607
0.36
0.35942
0.32356
0.43945
0.34378
0.83
0.30325
0.39453
0.31679
0.58026
0.37431
0.84999
0.42046
0.44925
0.39866
0.43389
0.31055
0.49756
0.3797
0.31467
0.39957
0.42836
0.46702
0.45102
0.37593
0.50911
0.51
0.54889