4.098600000000000021e-01 2.899399999999999755e-01
4.238100000000000200e-01 1.587500000000000022e-01
4.178700000000000192e-01 1.931599999999999984e-01
4.456300000000000261e-01 2.100200000000000122e-01
4.465999999999999970e-01 1.296599999999999975e-01
4.369299999999999851e-01 2.131500000000000061e-01
4.549300000000000010e-01 2.730699999999999794e-01
3.952499999999999902e-01 2.118200000000000083e-01
4.002700000000000147e-01 8.699900000000000411e-01
4.371599999999999930e-01 2.248400000000000121e-01
4.274499999999999966e-01 1.618100000000000094e-01
5.625999999999999890e-01 2.122499999999999942e-01
4.259000000000000008e-01 6.311999999999999833e-01
3.850700000000000234e-01 1.853599999999999970e-01
4.364000000000000101e-01 1.353999999999999926e-01
4.699999999999999734e-01 1.927300000000000124e-01
4.087100000000000177e-01 8.392199999999999660e-01
4.367400000000000171e-01 1.875699999999999867e-01
4.637000000000000011e-01 2.393099999999999949e-01
4.050000000000000266e-01 8.854100000000000303e-01
3.888900000000000134e-01 2.508699999999999819e-01
4.062999999999999945e-01 2.087900000000000034e-01
4.401999999999999802e-01 2.514899999999999913e-01
4.228299999999999836e-01 1.793399999999999994e-01
4.451600000000000001e-01 1.904500000000000082e-01
4.005600000000000271e-01 1.670500000000000040e-01
4.351999999999999758e-01 9.657000000000000028e-01
4.346599999999999908e-01 2.424199999999999966e-01
4.650000000000000244e-01 2.006100000000000105e-01
4.422099999999999920e-01 1.579099999999999948e-01
3.969500000000000250e-01 2.099999999999999922e-01
3.963599999999999901e-01 3.103400000000000047e-01
3.637900000000000023e-01 2.368800000000000072e-01
3.851200000000000179e-01 1.998999999999999944e-01
4.199999999999999845e-01 5.887299999999999756e-01
3.951799999999999757e-01 1.827000000000000013e-01
4.230099999999999971e-01 1.476300000000000112e-01
4.117299999999999849e-01 1.659400000000000042e-01
4.075599999999999778e-01 1.470499999999999863e-01
4.052399999999999891e-01 2.000000000000000111e-01
4.110400000000000165e-01 7.100199999999999845e-01
4.260599999999999943e-01 2.007899999999999963e-01
4.261699999999999933e-01 1.792999999999999872e-01
4.416200000000000125e-01 2.600000000000000089e-01
3.346600000000000130e-01 2.242000000000000104e-01
4.188999999999999946e-01 2.225300000000000056e-01
4.046000000000000152e-01 7.041500000000000536e-01
4.166799999999999948e-01 1.637200000000000044e-01
4.699999999999999734e-01 2.707700000000000107e-01
4.705900000000000083e-01 1.215100000000000069e-01
4.212600000000000233e-01 1.700000000000000122e-01
4.684499999999999775e-01 7.056000000000000050e-01
4.151400000000000090e-01 3.474800000000000111e-01
4.048599999999999977e-01 1.577500000000000013e-01
4.347599999999999798e-01 2.060500000000000109e-01
4.126400000000000068e-01 2.478599999999999970e-01
3.928300000000000125e-01 1.899899999999999922e-01
4.363900000000000001e-01 9.655200000000000449e-01
4.361800000000000122e-01 1.678900000000000114e-01
4.327099999999999835e-01 3.815000000000000058e-01
3.964699999999999891e-01 1.855799999999999950e-01
4.076799999999999868e-01 2.300099999999999922e-01
4.272699999999999831e-01 3.494300000000000184e-01
3.992299999999999738e-01 2.898600000000000065e-01
4.019699999999999940e-01 2.700000000000000178e-01
3.947599999999999998e-01 2.511200000000000099e-01
4.232600000000000251e-01 1.557499999999999996e-01
4.199999999999999845e-01 1.629200000000000093e-01
4.237199999999999855e-01 1.788299999999999890e-01
4.492499999999999827e-01 2.307800000000000129e-01
3.407299999999999773e-01 2.964700000000000113e-01
4.310499999999999887e-01 1.700000000000000122e-01
4.407400000000000206e-01 2.300000000000000100e-01
3.655999999999999805e-01 1.978699999999999903e-01
3.766200000000000103e-01 3.931799999999999740e-01
4.101400000000000046e-01 2.578799999999999981e-01
4.349999999999999978e-01 2.030399999999999983e-01
4.199999999999999845e-01 3.789399999999999991e-01
4.202699999999999769e-01 7.812200000000000255e-01
3.853599999999999803e-01 2.585100000000000176e-01
4.269999999999999907e-01 1.919200000000000073e-01
4.168999999999999928e-01 4.440999999999999948e-01
4.059800000000000075e-01 7.244000000000000439e-01
4.349899999999999878e-01 2.146099999999999952e-01
3.762099999999999889e-01 1.266700000000000048e-01
3.998599999999999932e-01 1.292099999999999915e-01
4.273000000000000131e-01 1.548700000000000077e-01
6.273699999999999832e-01 2.091500000000000026e-01
4.502700000000000036e-01 1.873400000000000065e-01
3.904799999999999938e-01 2.038200000000000012e-01
4.139599999999999946e-01 1.913799999999999946e-01
7.501100000000000545e-01 2.210000000000000020e-01
4.336400000000000254e-01 4.176000000000000267e-01
3.847099999999999964e-01 8.915300000000000447e-01
4.650000000000000244e-01 1.987500000000000100e-01
3.856100000000000083e-01 1.600399999999999878e-01
4.524099999999999788e-01 4.627800000000000247e-01
3.932200000000000140e-01 1.590699999999999892e-01
4.234800000000000231e-01 2.088099999999999956e-01
3.902599999999999958e-01 2.327299999999999924e-01
4.087399999999999922e-01 2.542900000000000160e-01
4.249700000000000144e-01 3.699999999999999956e-01
4.349299999999999833e-01 2.200600000000000056e-01
3.780000000000000027e-01 1.417299999999999949e-01
4.462900000000000200e-01 2.219099999999999961e-01
4.449600000000000222e-01 2.023099999999999898e-01
4.173600000000000088e-01 1.475400000000000045e-01
3.750000000000000000e-01 1.522199999999999942e-01
4.695400000000000129e-01 2.162699999999999900e-01
4.349999999999999978e-01 2.099900000000000100e-01
3.969400000000000150e-01 1.409700000000000120e-01
3.709500000000000020e-01 2.055599999999999927e-01
2.570200000000000262e-01 1.620399999999999896e-01
3.467899999999999872e-01 1.629800000000000137e-01
4.517800000000000149e-01 2.014499999999999902e-01
4.449899999999999967e-01 1.844899999999999873e-01
4.549900000000000055e-01 1.832000000000000017e-01
4.079599999999999893e-01 1.611899999999999999e-01
4.000000000000000222e-01 1.606700000000000073e-01
4.307199999999999918e-01 1.374299999999999966e-01
4.749999999999999778e-01 1.449300000000000033e-01
3.925899999999999945e-01 1.784999999999999920e-01
3.980299999999999949e-01 1.713999999999999968e-01
4.141299999999999981e-01 5.500000000000000444e-01
4.488800000000000012e-01 1.737100000000000033e-01
3.643899999999999917e-01 1.608400000000000107e-01
4.413300000000000001e-01 2.064900000000000069e-01
4.058100000000000041e-01 1.585600000000000065e-01
4.700400000000000134e-01 1.853400000000000047e-01
4.550000000000000155e-01 1.389600000000000002e-01
4.187199999999999811e-01 1.300000000000000044e-01
3.934599999999999764e-01 1.398800000000000043e-01
4.056899999999999951e-01 5.065100000000000158e-01
