5.773500000000000298e-01 1.233199999999999991e-01
6.166099999999999914e-01 2.218400000000000094e-01
4.537700000000000067e-01 1.132900000000000018e-01
5.580199999999999605e-01 1.485400000000000054e-01
5.350000000000000311e-01 2.378099999999999936e-01
6.613400000000000389e-01 1.002900000000000041e-01
5.502000000000000224e-01 1.685000000000000109e-01
5.849999999999999645e-01 1.315900000000000125e-01
6.189999999999999947e-01 1.687500000000000111e-01
5.762500000000000400e-01 2.200300000000000034e-01
5.649999999999999467e-01 1.243299999999999961e-01
5.719999999999999529e-01 1.096700000000000036e-01
5.350000000000000311e-01 1.708699999999999941e-01
5.597199999999999953e-01 1.907999999999999974e-01
6.999999999999999556e-01 4.371700000000000030e-01
5.804099999999999815e-01 1.348699999999999899e-01
6.049299999999999677e-01 1.126400000000000040e-01
9.700100000000000389e-01 1.637599999999999889e-01
5.737600000000000477e-01 2.733999999999999764e-01
5.199700000000000433e-01 2.700000000000000178e-01
5.496100000000000430e-01 1.372400000000000009e-01
6.452400000000000357e-01 2.500000000000000000e-01
5.150000000000000133e-01 1.003899999999999931e-01
5.438499999999999446e-01 1.418200000000000016e-01
6.543099999999999472e-01 1.441800000000000026e-01
5.334400000000000253e-01 1.874000000000000110e-01
5.600000000000000533e-01 1.624299999999999911e-01
2.248300000000000021e-01 2.130499999999999894e-01
6.464800000000000546e-01 1.678800000000000014e-01
6.090200000000000058e-01 1.479999999999999927e-01
6.500000000000000222e-01 1.220600000000000018e-01
5.200000000000000178e-01 2.099999999999999922e-01
6.049999999999999822e-01 1.547699999999999909e-01
5.198899999999999633e-01 8.649499999999999966e-01
5.532000000000000250e-01 1.710200000000000053e-01
5.516999999999999682e-01 1.828599999999999948e-01
5.309700000000000530e-01 1.428999999999999992e-01
1.746900000000000119e-01 1.187799999999999967e-01
6.201200000000000045e-01 1.472100000000000075e-01
6.049299999999999677e-01 1.791600000000000137e-01
6.592299999999999827e-01 1.024899999999999978e-01
6.296199999999999575e-01 2.497399999999999898e-01
6.394999999999999574e-01 1.312000000000000111e-01
